 No       Lon.(X)        Lat.(Y)   Node(Cell)   Depth(Cell)             Station Name
  1 388650.947852 3945702.882051           68         5.151                    Tokyo
  2 413510.243747 3936460.273314          120         0.318                    Chiba
  3 376961.671688 3924254.829456          585        11.900           Yokohamashinko
  4 385756.229234 3907991.928788         1138        37.392              Daini-Kaiho
  5 377366.031863 3905821.935357         1029         3.938                 Yokosuka
  6 383595.047821 3899052.839033         1258       235.622              Kyurihamako
  7 400171.676110 3941984.420715          213        22.753             Yoko_01_0001
  8 400954.735874 3941282.382401          210        21.868             Yoko_01_0002
  9 401737.919152 3940580.416295          255        20.044             Yoko_01_0003
 10 402521.225919 3939878.522384          255        20.044             Yoko_01_0004
 11 403304.656153 3939176.700652          257        16.604             Yoko_01_0005
 12 404088.209829 3938474.951084          257        16.604             Yoko_01_0006
 13 404871.886923 3937773.273664          258        13.398             Yoko_01_0007
 14 405655.687412 3937071.668378          297        10.338             Yoko_01_0008
 15 406439.611272 3936370.135210          298         6.902             Yoko_01_0009
 16 407223.658479 3935668.674146          275         5.192             Yoko_01_0010
 17 408007.829009 3934967.285170          274         2.604             Yoko_01_0011
 18 408792.122838 3934265.968266          274         2.604             Yoko_01_0012
 19 409576.539944 3933564.723420          239         0.832             Yoko_01_0013
 20 410361.080302 3932863.550617          200         0.329             Yoko_01_0014
 21 411145.743888 3932162.449840          200         0.329             Yoko_01_0015
 22 411930.530679 3931461.421076          244         0.065             Yoko_01_0016
 23 412715.440652 3930760.464308          285         0.056             Yoko_01_0017
 24 391389.359508 3930395.042015          512        28.671             Yoko_02_0001
 25 392206.435325 3929706.638173          559        26.778             Yoko_02_0002
 26 393023.636709 3929018.312630          604        23.821             Yoko_02_0003
 27 393840.963638 3928330.065370          643        19.623             Yoko_02_0004
 28 394658.416089 3927641.896376          643        19.623             Yoko_02_0005
 29 395475.994037 3926953.805633          606        15.730             Yoko_02_0006
 30 396293.697461 3926265.793122          607        11.992             Yoko_02_0007
 31 397111.526337 3925577.858830          608         9.414             Yoko_02_0008
 32 397929.480642 3924890.002738          564         6.496             Yoko_02_0009
 33 398747.560352 3924202.224831          555         5.650             Yoko_02_0010
 34 399565.765445 3923514.525092          635         3.411             Yoko_02_0011
 35 400384.095897 3922826.903505          674         2.707             Yoko_02_0012
 36 401202.551686 3922139.360053          711         2.289             Yoko_02_0013
 37 385146.966894 3903228.516327         1195        46.927             Yoko_03_0001
 38 385879.479425 3904078.914489         1205        74.276             Yoko_03_0002
 39 386611.855765 3904929.369685         1193        57.786             Yoko_03_0003
 40 387344.095883 3905779.881932         1166        42.514             Yoko_03_0004
 41 388076.199744 3906630.451248         1146        28.554             Yoko_03_0005
 42 388808.167315 3907481.077652         1145        19.647             Yoko_03_0006
 43 389539.998564 3908331.761162         1136        10.371             Yoko_03_0007
 44 379603.504464 3889334.735808         1453       196.275             Yoko_04_0001
 45 379988.831078 3888277.115690         1510       263.336             Yoko_04_0002
 46 380374.253449 3887219.515982         1648       463.157             Yoko_04_0003
 47 380759.771545 3886161.936681         1648       463.157             Yoko_04_0004
 48 381145.385332 3885104.377780         1713       580.225             Yoko_04_0005
 49 381531.094780 3884046.839277         1719       632.837             Yoko_04_0006
 50 381916.899855 3882989.321164         1720       666.815             Yoko_04_0007
 51 382302.800524 3881931.823439         1721       652.731             Yoko_04_0008
 52 382688.796756 3880874.346095         1769       590.010             Yoko_04_0009
 53 383074.888517 3879816.889128         1767       479.733             Yoko_04_0010
 54 383461.075775 3878759.452534         1767       479.733             Yoko_04_0011
 55 383847.358498 3877702.036306         1798       356.405             Yoko_04_0012
 56 384233.736654 3876644.640440         1798       356.405             Yoko_04_0013
 57 384620.210209 3875587.264931         1757       259.052             Yoko_04_0014
 58 385006.779131 3874529.909775         1708       190.179             Yoko_04_0015
 59 385393.443388 3873472.574965         1759       111.946             Yoko_04_0016
 60 385780.202947 3872415.260498         1760        75.323             Yoko_04_0017
 61 386167.057775 3871357.966368         1761        60.325             Yoko_04_0018
 62 413372.952708 3943365.926849           42         5.613             Tate_01_0001
 63 412716.278540 3942563.091032           78         4.947             Tate_01_0002
 64 412059.487438 3941760.302337          101         7.876             Tate_01_0003
 65 411402.579428 3940957.560749          101         7.876             Tate_01_0004
 66 410745.554539 3940154.866255          143         9.188             Tate_01_0005
 67 410088.412797 3939352.218842          182         8.076             Tate_01_0006
 68 409431.154229 3938549.618497          182         8.076             Tate_01_0007
 69 408773.778864 3937747.065207          221         6.496             Tate_01_0008
 70 408116.286728 3936944.558956          238         4.965             Tate_01_0009
 71 407458.677849 3936142.099734          275         5.192             Tate_01_0010
 72 406800.952254 3935339.687525          275         5.192             Tate_01_0011
 73 406143.109970 3934537.322317          315         3.894             Tate_01_0012
 74 405485.151025 3933735.004095          315         3.894             Tate_01_0013
 75 404827.075446 3932932.732847          352         4.288             Tate_01_0014
 76 404168.883259 3932130.508559          353         2.287             Tate_01_0015
 77 403510.574493 3931328.331218          391         1.775             Tate_01_0016
 78 402852.149175 3930526.200809          391         1.775             Tate_01_0017
 79 402193.607331 3929724.117320          429         1.307             Tate_01_0018
 80 401534.948990 3928922.080736          469         3.390             Tate_01_0019
 81 400876.174178 3928120.091045          470         1.571             Tate_01_0020
 82 400217.282922 3927318.148232          471         2.618             Tate_01_0021
 83 399558.275250 3926516.252284          516         5.137             Tate_01_0022
 84 398899.151189 3925714.403188          517         4.535             Tate_01_0023
 85 398239.910766 3924912.600929          564         6.496             Tate_01_0024
 86 397580.554009 3924110.845494          601         7.420             Tate_01_0025
 87 396921.080944 3923309.136870          602         7.848             Tate_01_0026
 88 396261.491598 3922507.475042          641         9.262             Tate_01_0027
 89 395601.786000 3921705.859997          681        10.667             Tate_01_0028
 90 394941.964175 3920904.291721          707        10.845             Tate_01_0029
 91 394282.026152 3920102.770200          740        11.111             Tate_01_0030
 92 393621.971957 3919301.295422          775         9.856             Tate_01_0031
 93 392961.801617 3918499.867371          756        11.318             Tate_01_0032
 94 392301.515160 3917698.486034          787        10.402             Tate_01_0033
 95 391641.112612 3916897.151398          823        10.363             Tate_01_0034
 96 390980.594002 3916095.863448          863        10.244             Tate_01_0035
 97 390319.959355 3915294.622170          898        10.157             Tate_01_0036
 98 389659.208699 3914493.427552          938         9.873             Tate_01_0037
 99 388998.342061 3913692.279578          974         6.766             Tate_01_0038
100 388337.359469 3912891.178235          975         7.368             Tate_01_0039
101 387676.260948 3912090.123509          998         7.711             Tate_01_0040
102 387015.046527 3911289.115387         1031        10.488             Tate_01_0041
103 386353.716233 3910488.153854         1073        22.481             Tate_01_0042
104 385692.270091 3909687.238896         1099        29.987             Tate_01_0043
105 385030.708131 3908886.370499         1118        37.411             Tate_01_0044
106 384369.030377 3908085.548650         1140        42.059             Tate_01_0045
107 383707.236859 3907284.773334         1140        42.059             Tate_01_0046
108 383707.236859 3907284.773334         1140        42.059             Tate_02_0001
109 384461.115101 3906504.736911         1160        40.796             Tate_02_0002
110 385215.124785 3905724.767753         1177        44.492             Tate_02_0003
111 385969.265880 3904944.865844         1179        46.947             Tate_02_0004
112 386723.538357 3904165.031170         1193        57.786             Tate_02_0005
113 387477.942185 3903385.263714         1206        90.202             Tate_02_0006
114 388232.477335 3902605.563460         1217       146.321             Tate_02_0007
115 388987.143776 3901825.930394         1216       113.545             Tate_02_0008
116 389741.941478 3901046.364499         1220       140.344             Tate_02_0009
117 390496.870413 3900266.865759         1230       145.171             Tate_02_0010
118 390496.870413 3900266.865759         1230       145.171             Tate_03_0001
119 390067.085524 3899192.024194         1241       224.559             Tate_03_0002
120 389637.203952 3898117.202287         1250       295.520             Tate_03_0003
121 389207.225730 3897042.400028         1252       267.753             Tate_03_0004
122 388777.150894 3895967.617408         1261       314.019             Tate_03_0005
123 388346.979479 3894892.854420         1272       329.773             Tate_03_0006
124 387916.711519 3893818.111053         1286       325.504             Tate_03_0007
125 387486.347049 3892743.387299         1303       317.966             Tate_03_0008
126 387055.886104 3891668.683149         1321       312.789             Tate_03_0009
127 386625.328719 3890593.998594         1344       306.185             Tate_03_0010
128 386194.674929 3889519.333626         1345       354.487             Tate_03_0011
129 385763.924769 3888444.688235         1415       365.216             Tate_03_0012
130 385333.078274 3887370.062412         1459       402.877             Tate_03_0013
131 384902.135478 3886295.456148         1517       467.203             Tate_03_0014
132 384471.096416 3885220.869435         1587       549.401             Tate_03_0015
133 384039.961124 3884146.302263         1588       593.044             Tate_03_0016
134 383608.729637 3883071.754624         1657       651.083             Tate_03_0017
135 383177.401988 3881997.226508         1721       652.731             Tate_03_0018
136 382745.978214 3880922.717906         1769       590.010             Tate_03_0019
137 382314.458348 3879848.228809         1769       590.010             Tate_03_0020
