Node Number = 2533
406709.609705 3950584.820697 35.694771
408889.734070 3950172.978230 35.691263
410632.456809 3949070.267507 35.681481
419134.260857 3940979.137564 35.609271
404806.306591 3949855.614736 35.688016
406920.732115 3948589.136340 35.676800
409058.641009 3948007.849106 35.671760
410657.611192 3947308.464542 35.665601
412802.594760 3947487.445897 35.667406
389885.759860 3948271.830297 35.672185
395827.095760 3947317.918147 35.664231
395056.469745 3947543.805710 35.666186
394268.892815 3947764.975138 35.668096
414750.734926 3945962.576870 35.653829
416145.350239 3944441.089206 35.640232
417571.329602 3942958.154781 35.626983
417142.883361 3941270.722950 35.611734
417466.557135 3939873.449088 35.599165
418630.789554 3939026.997273 35.591630
420411.342304 3939060.786335 35.592079
420942.289852 3937451.490061 35.577613
421046.513373 3936454.342564 35.568632
403388.613776 3948846.938421 35.678785
404976.791486 3947870.705362 35.670138
406247.415675 3946934.551093 35.661821
407756.663730 3946698.453618 35.659834
409494.670094 3946208.450982 35.655578
411299.749470 3945768.817251 35.651778
412972.909017 3945390.047181 35.648513
390537.737675 3947826.911060 35.668247
390633.616673 3947137.647965 35.662044
390042.845712 3947401.011841 35.664353
389011.088391 3947242.663754 35.662810
386473.406189 3945202.881147 35.644134
385836.755176 3944057.617902 35.633737
385840.759628 3942953.019214 35.623780
393589.640535 3947268.896427 35.663551
396556.706345 3946720.720982 35.658925
395733.808888 3946518.522392 35.657015
395035.098936 3946752.669981 35.659052
394237.108536 3947027.719331 35.661446
414098.108680 3943976.653920 35.635869
415515.561410 3942217.471053 35.620132
417395.604081 3938524.431421 35.586997
416026.798416 3940325.865970 35.603122
416468.940480 3939113.953191 35.592234
418190.818524 3937931.556452 35.581718
419186.106090 3937793.009053 35.580550
420191.248156 3937256.961530 35.575799
420216.555491 3936235.560787 35.566593
420833.448598 3935508.796120 35.560090
420168.268999 3934886.081649 35.554423
417393.915237 3937378.232173 35.576663
420254.757465 3933779.023573 35.544449
402034.957996 3947808.274949 35.669288
400692.780765 3946288.794807 35.655456
406580.465359 3945447.491502 35.648446
403495.311840 3946931.259410 35.661526
405002.413604 3946067.310847 35.653883
408238.113409 3945003.774196 35.644602
407028.122674 3943838.742789 35.633986
409957.296702 3944463.895434 35.639893
411913.345535 3943755.219369 35.633680
391402.730775 3947283.343173 35.663442
392453.368981 3947490.029811 35.665421
391038.742217 3946650.947918 35.657702
390146.028419 3946526.102694 35.656477
389131.819404 3945984.621762 35.651483
387560.603642 3946002.934999 35.651470
387330.712504 3944491.650912 35.637821
386954.483840 3943339.115345 35.627388
386555.093055 3942592.978410 35.620617
397087.598708 3945946.526713 35.652001
393271.590478 3946651.906317 35.657954
396094.968784 3945877.414689 35.651274
395155.154012 3945923.980892 35.651594
394200.906052 3946184.212178 35.653838
413290.738482 3942094.276871 35.618829
414333.699186 3940456.436854 35.604154
416222.547508 3937822.649245 35.580571
415233.186270 3939023.576956 35.591314
418347.662132 3936935.252947 35.572749
419344.700722 3936546.756993 35.569328
419666.880607 3935411.068147 35.559115
419706.123089 3934318.414323 35.549267
416696.196729 3936742.426214 35.570872
417510.684794 3936313.271237 35.567072
419421.302951 3933650.730567 35.543225
419559.896387 3932833.002184 35.535864
415663.155382 3936382.928418 35.567544
397281.266748 3945234.122347 35.645599
399788.088430 3945198.088460 35.645532
402064.606765 3945917.089763 35.652242
400876.807886 3945190.322608 35.645572
405210.030829 3944142.617149 35.636552
403504.492970 3945077.731456 35.644817
408611.485446 3943366.129988 35.629873
406063.182687 3942674.949922 35.623403
407465.474591 3942397.982795 35.621038
410186.454512 3942681.587626 35.623846
411588.196283 3941912.115595 35.617035
392002.844163 3946358.007157 35.655167
391008.503402 3945949.753565 35.651377
390155.635997 3945316.306768 35.645573
388785.731774 3944835.365997 35.641084
388373.262673 3943512.350703 35.629111
386324.727166 3941719.919636 35.612720
385922.896059 3940035.547654 35.597490
387790.335750 3942427.386791 35.619265
387275.462526 3941638.599693 35.612096
396531.165094 3945110.052521 35.644402
393145.679464 3945582.810722 35.648303
395505.342552 3945044.840108 35.643706
394360.771975 3945166.389971 35.644680
386721.895461 3938653.048091 35.585120
385559.594094 3938317.659316 35.581963
412295.532870 3940248.473968 35.602100
413640.336425 3938829.568804 35.589427
414706.830638 3937593.372560 35.578375
414257.660113 3936225.810110 35.566007
413935.388529 3935076.230410 35.555615
418459.736195 3935648.881928 35.561161
418939.321804 3934733.212325 35.552945
418930.900481 3934044.769114 35.546737
416690.687264 3935815.188906 35.562513
417475.929386 3935359.813352 35.558473
418654.806879 3933278.534972 35.539807
418600.354333 3932313.629350 35.531103
416012.576640 3935314.061819 35.557937
415055.591199 3935167.320844 35.556533
414530.036058 3934477.363465 35.550267
397146.692830 3944389.798642 35.637974
397957.307034 3944645.250392 35.640361
398722.451309 3944320.383881 35.637511
400055.330238 3944341.292632 35.637835
401783.182578 3944206.580562 35.636794
404820.129598 3942690.667197 35.623425
403471.393602 3943202.110453 35.627905
405265.198572 3941544.309823 35.613134
408793.469840 3941811.268409 35.615872
406590.176581 3941435.726773 35.612281
407706.426387 3941261.423417 35.610815
410254.897756 3940781.432462 35.606722
391699.295894 3944897.570906 35.641969
390162.456691 3943704.769062 35.631046
389215.888192 3942276.243170 35.618063
387339.343849 3940247.550384 35.599564
388367.920373 3941205.330376 35.608314
396071.091199 3944167.765859 35.635859
393338.656118 3944239.120270 35.636211
394818.870368 3944023.641883 35.634428
387951.335907 3938682.886483 35.585529
387289.791227 3937631.374603 35.575975
386268.372785 3937003.522127 35.570198
410912.193428 3939286.314771 35.593303
412048.688015 3938379.944588 35.585233
413224.134623 3937276.101450 35.575385
412960.891115 3935859.229057 35.562589
412933.222431 3934613.348251 35.551354
413874.945711 3934114.519046 35.546940
413122.574331 3933550.364768 35.541788
412430.355620 3932875.165208 35.535640
417932.943185 3934243.061433 35.548443
416785.614476 3934778.792789 35.553177
417483.416312 3932586.208160 35.533468
415867.856756 3934426.198874 35.549921
415122.486125 3934268.886958 35.548439
414661.766784 3933759.941068 35.543811
396713.167509 3943546.346504 35.630325
397595.007587 3943619.366448 35.631075
398380.424446 3943779.266502 35.632598
399296.663304 3943618.560358 35.631243
400582.246568 3943135.859497 35.627021
401927.378972 3942582.290816 35.622166
404090.852818 3941889.590342 35.616133
402963.674205 3941825.904270 35.615449
404425.697333 3941064.260684 35.608725
404972.471405 3940602.174827 35.604612
405893.900870 3940453.092411 35.603356
408536.127672 3940379.459748 35.602941
407146.891155 3940282.877634 35.601940
409472.340840 3939151.493653 35.591956
392081.282949 3943132.810042 35.626102
390826.136006 3941963.445064 35.615423
389775.255533 3940844.590564 35.605220
388811.288163 3939797.924589 35.595677
389190.426493 3938444.717513 35.583521
395711.264422 3942892.130529 35.624322
393926.068439 3942631.946794 35.621787
389553.779430 3937387.185143 35.574029
388355.291502 3937322.975878 35.573315
387151.999848 3936494.607477 35.565712
387561.075645 3935796.467540 35.559465
386831.783003 3935785.927201 35.559287
410489.498838 3937870.563607 35.580501
411730.420509 3936769.088199 35.570683
411684.540189 3935195.127726 35.556489
412021.022707 3933884.863775 35.544706
411468.518312 3933064.830331 35.537264
410614.725016 3932504.671726 35.532138
410884.545298 3931444.311275 35.522602
410298.795801 3930864.525714 35.517323
411789.586838 3932048.994465 35.528135
414066.710150 3933210.010902 35.538802
413409.220889 3932604.467124 35.533285
412771.226365 3932097.644215 35.528660
416733.733964 3933514.617405 35.541776
415497.194278 3933513.682767 35.541662
414879.250330 3932975.294069 35.536756
400811.404664 3941761.377642 35.614654
397041.738224 3942662.811532 35.622394
398330.712226 3942692.872016 35.622799
399619.548288 3942305.405637 35.619438
401952.366164 3941362.283503 35.611170
401253.413615 3940849.477704 35.606477
403599.071686 3941010.513393 35.608161
402740.968905 3940908.868725 35.607160
404200.882304 3940274.819902 35.601587
405076.674991 3939674.495946 35.596259
406312.023592 3939179.205644 35.591912
408798.584601 3937602.969291 35.577934
407842.711877 3938988.659486 35.590338
392535.160667 3941360.611499 35.610176
391186.842972 3940462.145576 35.601929
390243.503061 3939362.827431 35.591915
390227.324314 3938114.771409 35.580662
390324.872651 3937336.837992 35.573661
396342.843316 3941657.219730 35.613256
395065.035571 3941555.617897 35.612205
393932.170951 3941220.316966 35.609062
390068.713706 3936653.620736 35.567473
389156.034570 3936450.359534 35.565539
388193.608713 3936170.013906 35.562904
388092.487598 3935453.861640 35.556437
387535.522709 3935078.006380 35.552985
409974.757398 3936034.042825 35.563898
410486.959481 3934010.629044 35.545703
408221.982751 3936237.218706 35.565569
409233.886867 3932838.020771 35.535017
409824.889517 3931621.513260 35.524104
409389.890397 3930532.723125 35.514249
409741.839190 3929565.516720 35.505561
410358.112125 3930132.883142 35.510732
411742.745268 3931035.031536 35.518989
411036.537891 3930591.307469 35.514926
412615.025751 3931321.554327 35.521650
414452.541090 3932255.623156 35.530231
413611.960560 3931638.165612 35.524591
415718.088326 3932137.325459 35.529273
399872.102947 3941328.218191 35.610654
400472.797129 3940766.404778 35.605650
397557.423148 3941569.194815 35.612589
398824.187422 3941295.820118 35.610255
401013.162048 3940111.455520 35.599800
402017.369026 3940245.977734 35.601113
403172.357594 3940099.784946 35.599909
403959.033400 3939197.854098 35.591854
405121.754660 3938340.068908 35.584234
406790.258261 3937336.403770 35.575344
393461.318124 3940241.347327 35.600186
392332.286990 3939872.821003 35.596742
391408.691271 3939368.928913 35.592098
391104.700641 3938507.075562 35.584296
390946.655081 3937650.145234 35.576554
390827.889094 3936878.541752 35.569585
390629.632633 3936202.346172 35.563467
395804.598247 3940620.107678 35.603850
396877.007697 3940643.715909 35.604176
394673.278494 3940312.289030 35.600956
395504.538556 3939785.662104 35.596296
389920.070612 3935666.571738 35.558559
388844.765362 3935501.974133 35.556955
388327.470692 3934722.915848 35.549874
408411.336703 3934553.465696 35.550407
407135.073154 3935659.592190 35.560260
407537.933857 3932793.227123 35.534457
408527.495260 3931545.064423 35.523296
408219.782034 3930430.489099 35.513219
408758.331822 3929569.329475 35.505505
409318.413286 3928861.209450 35.499173
410496.399006 3929447.900541 35.504569
410129.896706 3928849.188893 35.499138
409714.633581 3928345.099428 35.494556
411185.226411 3929795.465795 35.507764
412380.975681 3930528.414161 35.514478
411749.808986 3930275.743904 35.512145
413393.694214 3930581.253014 35.515044
415030.106852 3930968.707263 35.518678
399632.572110 3940512.222357 35.603274
400254.119879 3940035.798261 35.599042
397928.045173 3940462.987750 35.602655
398828.922825 3940200.126922 35.600378
401472.537899 3939429.310151 35.593696
400608.734048 3939341.895454 35.592822
402516.812370 3938960.891903 35.589577
403665.739751 3937837.372197 35.579561
404926.879425 3936815.520730 35.570471
405963.090565 3935868.817133 35.562035
394069.468775 3939518.091989 35.593732
393225.574329 3939164.195404 35.590451
392176.131719 3938639.942117 35.585611
391625.918307 3937906.011581 35.578935
391569.232189 3937157.735111 35.572183
390903.246685 3935542.418298 35.557548
391428.228550 3936270.666950 35.564171
396364.886415 3939766.349813 35.596213
397264.247552 3939786.629661 35.596489
394875.813911 3939245.137492 35.591357
395804.128461 3938984.540654 35.589106
391299.919753 3934861.934307 35.551458
387726.380335 3933921.891946 35.542585
390459.166948 3934767.218677 35.550511
389378.925905 3934548.280901 35.548418
388578.554753 3933901.142276 35.542494
406288.754713 3934302.342333 35.547944
405807.539924 3932466.230104 35.531346
406958.589122 3931054.778727 35.518730
407464.610014 3929450.771160 35.504317
387326.751277 3933191.809229 35.535958
409150.343293 3928262.764261 35.493762
408415.430196 3928575.479315 35.496514
407483.542669 3928375.921301 35.494629
406457.706778 3928444.680329 35.495152
409533.347014 3927773.411628 35.489386
411066.925257 3928896.534278 35.499650
410441.180215 3927978.991380 35.491321
412403.600195 3929428.594983 35.504565
414320.430773 3929602.429976 35.506300
399543.324501 3939447.106211 35.593663
398216.483824 3939282.631525 35.592044
401206.616632 3938486.467297 35.585170
400162.658476 3938541.390295 35.585561
402124.049070 3937429.877036 35.575736
403345.948923 3936280.452079 35.565494
404674.459030 3935230.504674 35.556158
394111.351457 3938627.609742 35.585709
393202.889296 3938085.556310 35.580725
392332.865073 3937575.247117 35.576030
392253.832994 3936665.912172 35.567824
391682.450262 3935485.900739 35.557124
392131.305822 3935961.957959 35.561465
396934.817717 3938777.600560 35.587359
395092.129761 3938242.778455 35.582344
396052.582291 3938089.891968 35.581067
391932.152232 3934924.661559 35.552092
391037.373381 3934132.568330 35.544854
391785.128339 3934318.935422 35.546616
388261.455979 3933056.091688 35.534841
390215.463601 3933851.694676 35.542231
389306.974455 3933426.686622 35.538299
390875.570637 3933421.339374 35.538425
404491.850398 3933545.292940 35.540948
404374.276569 3932109.092220 35.527989
405193.860641 3930993.141706 35.518007
405958.906793 3929705.098666 35.506468
387533.409179 3932556.412089 35.530254
386685.069746 3932724.976837 35.531677
388185.472895 3932006.039008 35.525367
380594.079728 3928798.267375 35.495566
379800.474604 3928772.548247 35.495238
405217.214741 3928611.593167 35.496539
405669.409854 3927864.754590 35.489850
408769.901322 3927758.688205 35.489183
407962.892054 3927749.874007 35.489029
407117.068783 3927658.930783 35.488130
407607.554406 3927148.193999 35.483572
406293.173184 3927445.971349 35.486133
409173.545992 3927208.553447 35.484260
409950.474228 3927086.479572 35.483231
411745.201692 3927879.280999 35.490539
410947.778755 3927023.172921 35.482750
413386.468884 3927870.187747 35.490602
399099.775547 3938215.934054 35.582519
397916.253740 3938088.355488 35.581247
400354.863743 3937215.710473 35.573629
401654.316648 3935798.834298 35.560986
403030.265088 3934571.103983 35.550054
394202.237824 3937510.078677 35.575644
393169.194042 3936996.471650 35.570903
392892.168226 3936033.531136 35.562193
392399.852472 3935353.856004 35.556012
396925.130806 3937445.093887 35.575346
395506.676497 3936999.605874 35.571181
392493.409919 3934602.738976 35.549251
391588.991884 3933574.399048 35.539883
392358.921047 3933817.405748 35.542157
389172.661861 3932388.871552 35.528928
390234.777811 3932814.227285 35.532881
391301.243488 3932733.896007 35.532274
402775.747886 3932593.053919 35.532196
403602.397928 3930948.075920 35.517448
404461.439149 3929676.016365 35.506063
389041.677744 3931247.495188 35.518625
387208.299252 3931803.246866 35.523428
386316.387357 3931870.526571 35.523932
387895.341975 3930984.296889 35.516123
385363.558848 3931272.512085 35.518432
381440.490399 3928971.877727 35.497232
381024.278687 3928048.643047 35.488860
380035.402934 3928070.303641 35.488936
379089.776213 3928406.703273 35.491854
404857.242475 3927671.391479 35.488029
403898.561832 3928307.884434 35.493675
404120.878352 3927336.774125 35.484941
405521.699077 3927150.243458 35.483394
408383.850642 3926982.149393 35.482147
407676.403324 3926561.027749 35.478285
406897.551805 3926789.071301 35.480268
406095.599418 3926768.266136 35.480005
409230.154639 3926442.124371 35.477356
410376.836478 3926092.777131 35.474311
412225.262648 3926078.553942 35.474347
398405.086703 3936720.726973 35.568969
399831.540200 3935317.380052 35.556463
401239.274165 3933979.059204 35.544539
394131.195847 3936108.709772 35.563004
393267.629279 3935114.448217 35.553948
396735.379060 3935994.721796 35.562251
395408.063717 3935606.396714 35.558611
393216.768472 3934087.238142 35.544683
392175.710061 3933022.355465 35.534970
392893.506968 3933298.880216 35.537541
392010.225059 3932331.493675 35.528724
390005.613788 3931782.896956 35.523559
390765.916434 3932094.425001 35.526451
391457.509075 3931879.200706 35.524587
400780.732298 3932172.599993 35.528208
401911.419260 3930826.908240 35.516189
402897.676931 3929490.691464 35.504240
402446.890987 3928076.763762 35.491449
389988.202794 3930890.532257 35.515512
389409.188064 3930422.750817 35.511231
388635.256432 3930257.315800 35.509653
386634.119491 3930677.396312 35.513213
387667.213101 3929914.517466 35.506454
383656.773943 3930430.852745 35.510646
382306.840304 3929513.316468 35.502216
385292.432398 3929602.625158 35.503371
382222.828012 3928084.956286 35.489330
380431.577069 3927205.305902 35.481187
381421.269538 3927161.332089 35.480909
378143.748526 3927807.101494 35.486333
377092.562803 3927370.304322 35.482266
379272.206824 3927190.521651 35.480913
379976.133509 3926455.332322 35.474371
375263.429492 3925730.781935 35.467260
404715.701713 3926757.252626 35.479774
403288.579513 3927292.328118 35.484460
403844.317532 3926655.111314 35.478769
402339.935910 3926936.528018 35.481160
401681.680989 3926429.841134 35.476527
405499.056946 3926393.939437 35.476574
408266.506196 3926006.741437 35.473342
407226.547161 3925879.076311 35.472095
406266.512763 3926062.183968 35.473655
409229.717007 3925276.241838 35.466845
410677.610591 3924650.464187 35.461335
397972.634443 3934768.557272 35.551326
399363.085114 3933422.032847 35.539329
394472.381274 3934500.824631 35.548545
396194.675978 3934428.399001 35.548075
393814.747190 3933189.317617 35.536652
392901.381864 3932378.183466 35.529242
392215.283262 3931643.927290 35.522548
390830.440121 3931261.996500 35.518954
391621.940127 3931209.567753 35.518568
399048.301811 3931566.590081 35.522570
400346.559774 3930648.559249 35.514426
401065.338243 3929108.979003 35.500618
401191.260566 3927324.539749 35.484544
400183.902710 3926758.344521 35.479339
390598.682577 3930517.733273 35.512219
390043.616382 3930110.451823 35.508486
389337.193452 3929608.042933 35.503879
388460.923804 3929366.948475 35.501607
388999.007397 3928934.042216 35.497765
386695.556798 3929294.416555 35.500753
387682.089093 3928906.936461 35.497373
385937.172335 3928475.529490 35.493285
383760.217210 3928679.837921 35.494874
384999.540909 3928388.354479 35.492391
382312.195908 3926900.693600 35.478665
383294.485975 3927319.344295 35.482555
380860.162475 3926305.884447 35.473130
381676.532301 3926422.675169 35.474281
380825.613768 3925526.391160 35.466100
380149.799577 3925693.225220 35.467522
376257.939832 3926313.052963 35.472633
377116.123201 3926280.901569 35.472449
378061.869396 3926507.351915 35.474607
379166.920218 3925881.846931 35.469104
375931.904443 3925457.203305 35.464877
375207.211123 3924902.927943 35.459790
400884.515040 3926133.672497 35.473778
399952.993167 3925909.020678 35.471659
400485.537245 3925471.664278 35.467770
404914.472068 3926038.501814 35.473313
404252.236873 3926054.956363 35.473398
403080.876545 3926441.077765 35.476766
403607.634304 3926048.389035 35.473277
402350.331183 3926054.799204 35.473212
401642.373667 3925699.765888 35.469941
405480.365847 3925587.296211 35.469300
407852.355320 3924900.024904 35.463327
406399.942163 3924955.599712 35.463692
408974.810373 3923565.674572 35.451400
397305.999851 3932728.690196 35.532868
395273.619562 3932971.720955 35.534846
394130.801856 3931899.324279 35.525057
393069.396901 3931262.221538 35.519200
392231.236365 3930803.019171 35.514970
391375.227756 3930459.776356 35.511782
397566.482655 3930860.121077 35.516050
398926.991576 3929568.106658 35.504542
399736.560525 3927828.010332 35.488937
399154.183614 3926596.638650 35.477777
399086.779002 3925498.454177 35.467870
390755.923918 3929865.986475 35.506361
390172.501066 3929357.763366 35.501715
389639.868663 3928807.179223 35.496693
388444.776764 3928580.967274 35.494520
389112.270950 3928307.137319 35.492126
386960.313785 3928189.751043 35.490826
387863.742845 3928095.171433 35.490075
386861.101089 3927428.770338 35.483954
386215.956899 3927614.204704 35.485552
385459.259869 3927764.008062 35.486816
382248.818857 3926068.455293 35.471156
384548.599565 3927419.936114 35.483609
383009.238449 3926347.549001 35.473761
383913.827340 3926483.339574 35.475092
381540.203560 3925677.093906 35.467544
381149.576646 3924979.165086 35.461206
380428.320582 3924976.656577 35.461096
379641.630936 3925013.368899 35.461332
376706.322063 3925538.567422 35.465707
377461.895614 3925675.339165 35.467033
378179.635817 3925345.725826 35.464150
378887.158351 3924967.636179 35.460829
376224.579278 3924800.784697 35.458997
375693.501595 3924319.554812 35.454592
401053.840123 3925342.692316 35.466664
400613.278543 3924977.501129 35.463327
399923.041949 3924995.496515 35.463420
399101.566724 3924610.487839 35.459867
404625.001583 3925399.133723 35.467522
403806.283215 3925431.438473 35.467734
403054.454166 3925659.423078 35.469716
401581.229414 3925075.424350 35.464307
402302.663242 3925162.271390 35.465161
405177.211621 3924674.565909 35.461042
407016.635701 3923717.184366 35.452585
405779.945565 3923869.199832 35.453839
407445.289583 3922642.437826 35.442936
398544.059126 3924255.981435 35.456614
395723.152983 3931084.295623 35.517878
394002.539559 3930510.580385 35.512524
392935.144058 3930338.491573 35.510858
392170.411204 3929904.260700 35.506861
391417.974122 3929656.024373 35.504541
396828.027766 3929353.380446 35.502390
397897.667748 3927611.930957 35.486802
398067.222514 3925974.343247 35.472056
398321.671693 3924904.912287 35.462441
390927.529863 3929094.266971 35.499423
390330.877822 3928660.762161 35.495450
389887.371490 3927975.418536 35.489222
388550.629324 3927875.663048 35.488174
389151.975918 3927669.647144 35.486384
387466.578545 3927513.413560 35.484786
388078.069899 3927504.402386 35.484774
387179.793572 3926921.374971 35.479417
386482.858882 3926905.166031 35.479191
385595.015176 3926922.120295 35.479242
382181.250358 3925460.905426 35.465671
382773.478528 3925601.909889 35.467012
384817.890181 3926382.820577 35.474291
383512.616657 3925711.679672 35.468089
384300.121636 3925718.862039 35.468245
381839.473982 3924976.302187 35.461262
380778.854880 3924346.148497 35.455455
381484.980297 3924372.482836 35.455777
380024.444108 3924301.734378 35.454964
379193.144625 3924259.228423 35.454480
377245.489480 3924704.239574 35.458253
378254.439355 3924338.103227 35.455076
376563.057464 3923882.372710 35.450760
398437.863766 3923788.118044 35.452385
398113.926387 3923483.444202 35.449605
398073.118226 3923020.546667 35.445428
401116.109993 3924698.192352 35.460860
400487.861421 3924379.514013 35.457924
399733.279775 3924121.976238 35.455526
399000.565839 3923886.219460 35.453327
404119.432447 3924608.166844 35.460342
403178.931511 3924818.672630 35.462149
401791.159478 3924474.259818 35.458908
402520.164959 3924353.701758 35.457893
404658.544462 3923628.203963 35.451560
405647.345086 3922370.645349 35.440317
397858.622635 3924090.228698 35.455049
397527.878945 3923293.611290 35.447834
394954.551441 3929267.010721 35.501415
393202.137132 3929212.507013 35.500737
391860.781499 3928955.913205 35.498278
395899.386619 3927729.480216 35.487654
396671.259173 3926234.274053 35.474255
397271.772483 3925000.126547 35.463192
391027.125815 3928069.270010 35.490194
389556.651973 3927093.359195 35.481234
390392.821228 3927220.747570 35.482475
388652.942139 3927096.731720 35.481164
387856.464629 3926941.090189 35.479671
387517.503005 3926428.211508 35.475009
386894.251426 3926311.672877 35.473888
386151.037635 3926232.952888 35.473093
385489.515759 3926135.935370 35.472143
380446.230559 3923683.433363 35.449441
382504.277712 3924980.821653 35.461382
383184.666688 3925042.131288 35.462014
385060.259226 3925616.858566 35.467414
383894.362752 3925076.389846 35.462406
384601.771449 3925042.189680 35.462181
382176.559643 3924387.421434 35.455994
381139.569819 3923763.507196 35.450246
381825.842440 3923782.434493 35.450498
379658.474638 3923531.676627 35.447978
378692.702901 3923402.982626 35.446701
377328.464704 3923348.995204 35.446047
397657.855072 3922560.283590 35.441236
398672.156659 3923224.763175 35.447330
398393.770971 3922540.683615 35.441135
401169.291513 3923939.837501 35.454028
400372.177011 3923544.180982 35.450382
399514.463715 3923316.071510 35.448239
403270.594847 3923697.176026 35.452047
402057.489133 3923616.230440 35.451199
403956.772673 3922549.764908 35.441770
397236.913407 3921885.396365 35.435109
396793.177980 3923905.557934 35.453275
396670.553571 3922701.721548 35.442409
396454.523963 3921747.062903 35.433781
394072.027237 3927712.371557 35.487306
392419.479971 3927799.373841 35.487913
394972.777863 3926198.509123 35.473755
395918.675980 3924891.697322 35.462073
391371.015772 3926778.687454 35.478598
389132.878939 3926410.602357 35.475032
390121.930864 3926187.137566 35.473128
388243.910634 3926182.495324 35.472876
387413.098627 3925784.489550 35.469195
386621.219909 3925597.929179 35.467423
385823.377807 3925524.992215 35.466674
374822.647018 3919417.127700 35.410292
374252.152601 3918238.800786 35.399598
375379.195944 3919892.042275 35.414643
380230.300268 3922939.416241 35.442708
380845.728701 3923218.207110 35.445295
382870.232973 3924416.334318 35.456336
383553.028182 3924465.735810 35.456862
385328.884368 3924896.447011 35.460951
384213.969130 3924477.827194 35.457048
384813.029529 3924466.839510 35.457019
382534.548471 3923796.233934 35.450707
381455.778111 3923178.415138 35.445009
382163.612659 3923196.628891 35.445258
379364.013725 3922603.395377 35.439574
378357.677900 3922336.711171 35.437048
380110.584965 3922073.579638 35.434889
398044.898049 3921919.856655 35.435503
399171.390098 3922538.364303 35.441193
398743.203679 3921980.375776 35.436119
401190.953783 3922926.776229 35.444898
400137.218047 3922581.052828 35.441676
402402.765096 3922305.824299 35.439419
396894.434989 3921146.764851 35.428415
397699.226130 3921236.807134 35.429309
395958.740385 3920937.341876 35.426429
396670.166573 3920516.025809 35.422705
395511.552089 3923456.206309 35.449090
395511.961871 3922064.201728 35.436541
392983.794582 3926067.890813 35.472365
394291.499143 3924555.897724 35.458874
391280.954479 3925328.063628 35.465511
389088.961769 3925493.411128 35.466759
390030.221484 3924985.393570 35.462284
388045.521053 3925123.104882 35.463304
387156.182244 3925063.639951 35.462667
386289.359647 3924669.937931 35.459019
375782.328054 3919098.445295 35.407539
375084.395858 3918521.495626 35.402251
374922.416014 3917808.323078 35.395802
374343.247991 3917072.119504 35.389093
376237.976717 3920207.278769 35.417591
376841.759405 3919262.815640 35.409152
380956.760661 3922526.320555 35.439072
383268.316319 3923825.743733 35.451059
383886.616701 3923956.064542 35.452306
385385.513115 3924057.979306 35.453399
384535.007162 3923859.814980 35.451514
382902.725555 3923168.928505 35.445095
381803.139254 3922583.475744 35.439688
382459.633633 3922670.370847 35.440549
380769.935999 3921791.515981 35.432425
379134.324535 3921336.170290 35.428123
380208.115576 3921244.809319 35.427430
394592.981621 3920924.639497 35.426171
395397.762733 3920151.901799 35.419290
398538.422419 3921315.693690 35.430106
399567.548526 3921587.366201 35.432660
401006.792564 3921573.759563 35.432682
397347.025069 3920558.072385 35.423154
398133.659655 3920595.171389 35.423570
396189.348195 3920011.025374 35.418103
396961.291226 3919926.999709 35.417425
393883.412951 3922618.572371 35.441366
392478.793913 3924103.062789 35.454598
390699.950280 3923846.637782 35.452092
388959.281720 3924071.946103 35.453930
387411.706444 3924142.848712 35.454396
386298.638395 3923405.959704 35.447626
393063.944091 3921024.828038 35.426911
376467.906553 3918343.678345 35.400821
375642.409811 3918044.870184 35.398025
375289.854885 3917164.411485 35.390044
374766.723847 3916339.489688 35.382542
377536.067407 3920288.937192 35.418488
377258.143558 3918481.420055 35.402160
376975.246000 3917841.657476 35.396358
377768.111084 3919157.310885 35.408316
381481.837313 3921899.776286 35.433486
383862.759745 3923151.258726 35.445049
385048.140742 3923049.035406 35.444265
383127.481614 3922373.446733 35.437951
382301.206672 3922029.441196 35.434752
381092.365520 3921213.172419 35.427251
379518.069575 3920503.334659 35.420662
380623.376363 3920551.245526 35.421227
375149.504171 3915939.315173 35.378983
393709.853727 3920038.972812 35.418093
394625.220037 3919637.052543 35.414567
395622.536008 3919249.576275 35.411179
399041.987363 3920574.723645 35.423478
400333.841924 3920547.884364 35.423366
397723.368701 3919926.761011 35.417502
398451.918246 3919959.086645 35.417868
396525.589825 3919284.416467 35.411587
396185.552592 3918709.698291 35.406371
397312.243664 3919265.794245 35.411501
391733.146382 3922201.917613 35.437378
389717.320129 3922389.952186 35.438852
387721.258547 3922522.811938 35.439826
385935.864546 3921993.472155 35.434852
392639.017795 3919742.788099 35.415308
391825.256963 3920622.468020 35.423150
392380.105859 3918570.625881 35.404713
376307.546118 3917332.985637 35.391690
375756.742370 3916388.830736 35.383111
378597.268361 3919781.964122 35.414048
377885.235626 3918427.380479 35.401750
377610.598577 3917855.770881 35.396564
377232.024310 3917194.502853 35.390556
378490.185712 3918701.482990 35.404295
381967.613601 3921254.841408 35.427730
384271.034722 3921825.994279 35.433150
382967.529530 3921394.859015 35.429111
381503.300846 3920536.969075 35.421204
379606.354727 3919602.356455 35.412551
380347.768841 3919825.573717 35.414653
381070.636170 3919983.763677 35.416165
385277.090771 3920389.658310 35.420318
385371.813997 3919152.613916 35.409177
376224.198254 3915822.291953 35.378062
375770.721444 3915770.361363 35.377538
393628.086489 3918865.735524 35.407507
394800.082194 3918591.684206 35.405161
395634.187066 3918361.434106 35.403173
396262.889354 3918109.617478 35.400969
400532.233079 3919250.489171 35.411690
399226.506155 3919443.331101 35.413297
398134.069146 3919255.540852 35.411493
396882.570019 3918543.516580 35.404945
397646.560237 3918657.636668 35.406053
396785.041104 3917834.924438 35.398547
401367.564466 3917647.706413 35.397323
393091.933473 3917790.163324 35.397754
392249.319317 3917666.969443 35.396552
390463.319499 3920808.674319 35.424680
388726.988427 3920888.353255 35.425205
386998.965832 3920767.847867 35.423924
391226.844786 3919334.381556 35.411473
391445.449784 3918023.962797 35.399683
386421.797269 3919387.374402 35.411414
385895.299023 3918370.353413 35.402186
376788.629183 3916353.136530 35.382917
379372.833460 3918829.307697 35.405554
378299.140217 3917940.975230 35.397416
378013.802214 3917248.767273 35.391141
377696.317895 3916534.816773 35.384667
379018.542009 3918072.072661 35.398685
382459.435668 3920454.975149 35.420578
383678.380809 3920430.676284 35.420502
381806.381527 3919763.948800 35.414272
380195.859591 3919071.714197 35.407839
381072.360783 3919241.163201 35.409472
385003.124589 3918445.684577 35.402762
384261.764482 3919170.154316 35.409207
376783.952669 3915440.358304 35.374688
376020.949034 3915158.834847 35.372056
395794.005046 3917760.799352 35.397775
394150.395133 3917689.170414 35.396956
395140.054221 3917747.322896 35.397585
396295.974132 3917447.404056 35.395003
400594.842907 3918008.498502 35.400499
399647.585112 3918235.129403 35.402447
398443.804021 3918280.774469 35.402737
397460.113937 3917942.647481 35.399588
397023.657033 3917131.495016 35.392230
400930.806992 3917253.300040 35.393724
401870.571501 3917045.837610 35.391947
393489.892082 3917081.732501 35.391410
392653.788764 3916866.913729 35.389384
391675.326101 3917083.286930 35.391228
389550.328191 3919415.449827 35.412019
387910.756496 3919425.910790 35.411930
390284.436872 3918157.153752 35.400757
390856.671455 3917331.546433 35.393377
385223.697074 3917523.670239 35.394476
387076.891546 3918218.182589 35.400949
386274.458694 3917494.782604 35.394336
377519.636372 3915758.348418 35.377646
378155.554980 3916028.082818 35.380155
380049.447187 3918452.956326 35.402244
379652.226655 3918122.764872 35.399219
378776.477935 3917340.462274 35.392061
378468.254729 3916626.173954 35.385585
379520.395412 3917497.535382 35.393567
382833.408045 3919348.751790 35.410650
381899.154368 3919018.219852 35.407560
380726.401082 3918479.047234 35.402560
381460.333789 3918546.031995 35.403252
384263.075000 3918011.748854 35.398765
383405.423691 3918412.279656 35.402275
384338.869208 3917179.278660 35.391269
384884.108678 3916554.495951 35.385700
377428.450991 3914920.339946 35.370080
376721.859380 3914629.303035 35.367370
376093.297974 3913705.754439 35.358967
394077.999160 3916805.066436 35.388979
395636.919231 3917138.271762 35.392147
394824.734250 3916942.696633 35.390298
396273.333781 3916709.398399 35.388347
400075.383404 3917204.189249 35.393196
399012.709671 3917223.713282 35.393265
397979.034248 3917207.664274 35.393015
396847.959124 3916381.485860 35.385450
397524.132289 3916397.083239 35.385661
400745.680653 3916360.378413 35.385656
401810.403568 3915699.897410 35.379807
393475.328579 3916257.440696 35.383977
392688.445142 3916012.749118 35.381687
391906.274747 3916176.237020 35.383076
390940.457420 3916434.239029 35.385297
388689.594244 3917878.692128 35.398070
389937.688627 3916959.213467 35.389919
385906.960436 3916609.567265 35.386314
387269.468148 3916752.309894 35.387756
378264.933760 3915273.473578 35.373366
378828.634516 3915947.667880 35.379512
380299.936829 3917762.013498 35.396045
379338.744303 3916657.352823 35.385971
380036.442868 3917030.643631 35.389421
382323.298017 3918191.312799 35.400156
381280.475808 3917800.510813 35.396510
383345.566472 3917339.597751 35.392599
383977.899191 3916467.004369 35.384806
385363.014131 3915750.268218 35.378505
384494.209877 3915797.336798 35.378830
377997.667963 3914499.343162 35.366355
378732.340352 3914533.177399 35.366750
377282.642009 3913921.323908 35.361057
376617.324270 3912766.468763 35.350564
376084.438790 3912034.940796 35.343904
375674.543678 3911468.990008 35.338752
393830.974337 3915553.949235 35.377673
394449.641422 3916054.371531 35.382250
395493.413669 3916222.110316 35.383873
396342.058473 3915935.730633 35.381379
399520.675941 3916144.289353 35.383585
398409.772180 3916270.433257 35.384610
397076.611692 3915733.785539 35.379635
397807.762787 3915657.747274 35.379025
400266.171096 3914815.015402 35.371676
401610.545989 3914220.829647 35.366453
393136.575308 3915427.463039 35.376459
392270.253213 3915335.781598 35.375539
391209.355698 3915324.607584 35.375323
390057.435730 3915730.731016 35.378858
388797.564095 3916223.192036 35.383158
386427.029876 3915582.106079 35.377111
387713.751127 3915260.104604 35.374354
385640.634446 3914855.088892 35.370468
379192.247098 3915227.509247 35.373064
379552.059787 3915873.516963 35.378931
380834.181006 3916950.782285 35.388796
380188.953948 3916285.617611 35.382723
382038.718616 3916874.055438 35.388248
383071.682832 3916241.789398 35.382670
383732.978123 3915689.668919 35.377770
384825.147315 3915103.170901 35.372610
384182.119471 3915219.522985 35.373585
385004.909838 3914463.975632 35.366869
379563.779320 3914487.836216 35.366442
378279.949232 3913848.486273 35.360522
379095.463153 3913862.528367 35.360748
377839.875408 3913079.795539 35.353539
377674.162373 3912247.440912 35.346016
375912.252296 3910579.030648 35.330759
375851.835468 3909827.217978 35.323974
376987.273258 3911753.844252 35.341482
376424.584075 3911129.026459 35.335780
376608.561315 3908417.431071 35.311359
376700.897548 3907433.274624 35.302499
394355.121100 3915257.237720 35.375054
393738.199450 3914773.305028 35.370626
395089.924535 3915342.275411 35.375898
395837.280866 3915432.206145 35.376788
396523.765159 3915135.499776 35.374184
398614.319302 3914992.270241 35.373108
397413.994826 3914895.265047 35.372110
399155.663728 3913601.705391 35.360626
400405.800389 3912686.241311 35.352499
391084.385510 3914468.457669 35.367592
392816.247466 3914631.665971 35.369250
393312.700566 3914085.007759 35.364376
391864.617072 3914442.115728 35.367439
390342.077173 3914684.928233 35.369462
389117.473762 3914758.468910 35.369989
388002.640023 3913979.350756 35.362841
386668.342688 3914265.548070 35.365270
385555.382285 3913965.624172 35.362440
376315.890268 3909134.530077 35.317787
377138.687302 3908694.155938 35.313919
380211.735696 3915249.524479 35.373386
381160.571404 3915952.027320 35.379832
382255.249963 3915642.688727 35.377174
383592.272877 3914974.563198 35.371308
383079.690015 3915437.894106 35.375424
384265.992104 3914532.935344 35.367405
384737.396935 3913863.135242 35.361421
385184.199344 3913243.048798 35.355883
380389.975146 3914210.687302 35.364043
379760.902482 3913843.713414 35.360659
378731.695040 3913194.880517 35.354686
379504.108176 3913267.175160 35.355431
378453.464390 3912500.351932 35.348391
378307.179083 3911907.432945 35.343028
377839.881938 3911476.901513 35.339090
376605.740170 3910069.036540 35.326247
377283.298612 3910868.432198 35.333537
377302.833370 3907951.184448 35.307242
394666.859883 3914562.360675 35.368823
394048.926400 3913895.605275 35.362747
395737.251451 3914525.494649 35.368603
396735.387377 3914290.644157 35.366590
397726.135266 3913561.816241 35.360121
398765.883455 3911953.482278 35.345728
390693.401340 3913937.483958 35.362762
391312.475336 3913953.230512 35.362972
393384.993307 3913398.086833 35.358191
392575.126168 3913726.460900 35.361064
391784.503974 3913654.771271 35.360332
389890.400496 3913890.000615 35.362246
389018.455209 3913541.330457 35.359006
388255.664165 3912937.125566 35.353474
390395.631971 3913364.996962 35.357569
387242.147980 3913113.795757 35.354953
386096.809390 3913103.097386 35.354726
377269.905232 3909319.054678 35.319568
377754.208220 3908655.053311 35.313642
383546.589774 3914326.615364 35.365461
381434.576079 3914709.720245 35.368666
382746.265786 3914640.843758 35.368200
383973.513648 3913779.684952 35.360581
385433.349471 3912670.405684 35.350750
384440.394719 3913193.645982 35.355352
384841.868627 3912662.491401 35.350610
381117.674160 3913583.077730 35.358472
380251.185292 3913390.406553 35.356632
379217.308709 3912611.060523 35.349482
379968.097412 3912700.556381 35.350379
378950.572923 3911961.608791 35.343595
378617.821369 3911350.926405 35.338049
378169.576429 3910733.445059 35.332429
377672.742740 3910048.481936 35.326193
377900.983130 3907472.592204 35.303001
378144.345380 3908030.345930 35.308058
387707.576933 3912137.771720 35.346206
395031.745121 3913580.403675 35.360009
394159.070740 3912974.605320 35.354455
396275.823408 3913335.297509 35.357929
397121.899933 3911864.471380 35.344757
391135.453705 3913263.379609 35.356733
393386.170435 3912721.966601 35.352096
392827.975215 3912984.988333 35.354407
392034.844261 3912888.744934 35.353454
389775.380725 3913052.934938 35.354687
389069.172163 3912630.268760 35.350798
388493.990676 3912220.387458 35.347039
390483.528233 3912681.257993 35.351414
386721.877441 3912260.091837 35.347198
385872.364740 3912203.372704 35.346590
378132.193237 3909313.211771 35.319621
378537.291576 3908622.464298 35.313444
383154.911873 3913705.133852 35.359813
382160.584272 3913689.512792 35.359555
383695.793296 3913056.746067 35.354031
385171.496571 3912140.080482 35.345939
384209.597538 3912556.861015 35.349585
384612.175080 3912170.973387 35.346153
381703.372975 3912760.967896 35.351131
380766.354553 3912737.337057 35.350806
379695.919702 3912041.889688 35.344409
380373.710194 3912155.566873 35.345515
379411.753362 3911358.082053 35.338210
379027.972298 3910668.190017 35.331945
378575.754364 3909987.864631 35.325757
378492.587458 3907511.152017 35.303421
378394.798408 3906776.275883 35.296784
378878.172381 3907969.726545 35.307601
387110.791886 3911483.488337 35.340241
379027.254755 3905272.278739 35.283303
387767.483395 3911372.910415 35.339318
388361.095544 3911576.765867 35.341222
393800.061289 3912062.478386 35.346194
395302.559488 3912189.283362 35.347496
391243.798124 3912363.309226 35.348631
392758.740074 3912189.756731 35.347231
391918.313475 3912038.714899 35.345778
389795.104700 3912209.866107 35.347089
389076.447217 3911820.082104 35.343496
390555.792871 3911833.172997 35.343777
386301.591612 3911519.176476 35.340471
385509.061144 3911527.484179 35.340455
378983.272728 3909246.474694 35.319123
379331.569183 3908520.079240 35.312617
382806.735340 3912737.535344 35.351050
383589.601750 3912367.726993 35.347808
384760.160410 3911605.826651 35.341075
384077.751968 3911889.654357 35.343555
382184.781837 3911984.948435 35.344192
381184.104328 3911833.573044 35.342709
380254.085846 3911464.559911 35.339271
379924.157822 3910661.432547 35.331992
379468.782443 3909917.516366 35.325231
379144.643548 3907306.878955 35.301658
379141.608232 3905962.222181 35.289536
379618.611262 3907827.530531 35.306409
386700.337158 3910812.322178 35.334144
387465.884188 3910798.763674 35.334108
379610.777960 3905263.889242 35.283298
379324.718698 3904582.745309 35.277123
388192.073937 3910867.822275 35.334812
388929.021042 3911041.715098 35.336462
393124.478414 3911354.432362 35.339739
394069.316228 3910945.059135 35.336149
395514.040746 3910517.770916 35.332450
391334.842518 3911474.705882 35.340630
392219.331994 3911277.147941 35.338945
389810.311143 3911241.598112 35.338362
390667.164265 3911028.426116 35.336534
385895.120842 3910828.410456 35.334197
386317.200218 3910133.721557 35.327983
385053.633470 3910868.139128 35.334459
379854.059740 3909117.835993 35.318069
380118.021004 3908336.552183 35.311057
383158.131782 3911597.918906 35.340818
384136.842747 3911038.723439 35.335891
382071.567989 3910994.892080 35.335254
380934.874634 3910736.954286 35.332794
380447.493018 3909823.443399 35.324501
379910.340548 3907216.267210 35.300934
379694.174353 3906481.716358 35.294286
379834.698942 3905821.185856 35.288348
380328.936097 3907615.774492 35.304585
387111.442077 3910110.478362 35.327863
387913.186683 3910145.653943 35.328271
380293.966486 3905330.887745 35.283984
380042.450138 3904614.092205 35.277492
379660.688872 3903846.032029 35.270522
388715.777054 3910271.216516 35.329493
389418.422396 3910472.915329 35.331389
392774.919266 3910297.855557 35.330177
393899.692312 3909248.884090 35.320840
391404.656409 3910307.587768 35.330116
390230.239935 3910285.174752 35.329786
386713.350620 3909521.111661 35.322505
385488.906837 3910109.732608 35.327672
385994.049818 3909420.381243 35.321515
384531.713965 3910098.787070 35.327463
380775.235522 3908863.088015 35.315883
380799.724233 3908075.110593 35.308782
383239.666170 3910172.191719 35.327975
381727.872341 3909644.034119 35.323036
380454.761415 3906860.774682 35.297794
380432.984285 3906067.277005 35.290639
381072.180504 3907378.497498 35.302535
387558.715741 3909251.406176 35.320170
388435.222541 3909574.347033 35.323179
381030.356043 3905503.984421 35.285632
380812.542975 3904714.986352 35.278493
380552.013034 3903946.111878 35.271531
380400.455141 3903413.708846 35.266714
389406.762262 3909524.959363 35.322842
391931.950184 3908654.355335 35.315270
390674.135389 3909135.746687 35.319473
386585.352531 3908689.659012 35.314995
385141.732705 3909309.087525 35.320415
385717.779433 3908759.089755 35.315523
384129.517810 3909095.047639 35.318368
381704.256965 3908181.729625 35.309851
382922.032420 3908736.334118 35.314994
381289.958969 3906405.226308 35.293787
381855.441730 3907132.485659 35.300410
386663.456983 3907830.847696 35.307262
387570.794453 3908040.191137 35.309252
388581.671311 3908678.616161 35.315120
387810.145439 3907185.422997 35.301573
381750.525060 3905639.484499 35.286939
381602.168668 3904866.149513 35.279950
381354.318962 3904028.799237 35.272372
381848.898453 3903444.624118 35.267164
381041.661369 3903059.167555 35.263594
392952.338936 3907959.201880 35.309113
393785.185957 3907100.794476 35.301463
389791.893533 3908256.954657 35.311453
391279.403285 3907785.735621 35.307368
385879.329088 3908004.784460 35.308741
384988.437243 3908371.633107 35.311946
383953.562529 3907882.489715 35.307417
382777.346884 3907442.824899 35.303316
382433.486056 3906254.271047 35.292561
387069.608642 3907221.559399 35.301816
386212.198130 3907198.146175 35.301507
388726.648865 3907424.077899 35.303827
388203.620781 3906660.833513 35.296888
387480.057031 3906580.548986 35.296083
382396.660055 3905167.883327 35.282764
382268.629575 3904141.878361 35.273499
382453.229923 3903304.261823 35.265970
382126.651455 3902689.098638 35.260386
392330.840603 3906867.607874 35.299205
395379.547204 3906064.603476 35.292290
394046.966017 3905729.972007 35.289133
392970.661067 3905906.636715 35.290611
395801.335460 3904733.432351 35.280333
390082.786987 3906992.920167 35.300090
391191.939743 3906633.831578 35.296974
385108.722316 3907179.478489 35.301213
383795.348449 3906469.896845 35.294664
383169.130111 3905522.355497 35.286050
386680.981672 3906494.312372 35.295216
385871.092649 3906458.040595 35.294797
389045.674139 3906153.919121 35.292412
387955.579550 3905960.295252 35.290545
387160.410448 3905960.969666 35.290462
383156.031783 3904583.287611 35.277583
383069.119282 3903598.308358 35.268693
382952.873645 3902647.464240 35.260108
391805.486435 3905819.759419 35.289702
394677.671417 3904726.465428 35.280152
393421.787687 3904851.573417 35.281147
392433.675874 3905070.341807 35.283014
395540.483732 3903340.075980 35.267744
390461.166091 3905703.327734 35.288506
389439.151852 3905153.710178 35.283439
385061.075541 3905871.665334 35.289418
384064.127110 3905136.569837 35.282676
386292.506963 3905546.724058 35.286629
388450.789126 3905182.582945 35.283589
387392.912785 3905223.066534 35.283836
383968.525205 3903932.890828 35.271814
383615.439361 3902980.188623 35.263185
391444.610614 3904737.053514 35.279902
393875.932372 3903639.423760 35.270268
392525.835313 3904036.834491 35.273706
395416.987529 3902007.374823 35.255717
394333.791198 3902318.913165 35.258412
396482.200211 3902131.916940 35.256950
390218.555685 3904432.468891 35.277023
389019.582138 3904296.418287 35.275664
385234.675098 3904439.552490 35.276527
386646.364820 3904379.744019 35.276149
387851.820243 3904308.277391 35.275641
384671.750707 3902859.645911 35.262220
391222.981406 3903359.858850 35.267463
392756.039081 3902563.067278 35.260445
395886.118344 3901114.214107 35.247714
394842.342665 3901131.915450 35.247764
393570.949733 3901231.967104 35.248532
397119.403088 3900235.586373 35.239920
397233.687130 3899092.437274 35.229626
389723.872997 3903344.718226 35.267162
388433.316246 3903356.984286 35.267130
385938.295380 3903350.014779 35.266786
387167.949716 3903411.102790 35.267476
385533.733228 3902375.104919 35.257951
391517.215496 3902127.419996 35.256384
390374.801727 3902277.908019 35.257616
392245.638453 3901227.537513 35.248350
395569.725889 3900064.463029 35.238217
394276.532617 3900054.794255 35.237994
392971.416697 3900095.883613 35.238226
396279.909272 3898969.686973 35.228421
396890.424033 3898001.125707 35.219752
389074.019943 3902344.979200 35.258078
387762.665657 3902436.679270 35.258758
386375.218398 3902635.186824 35.260391
390986.636422 3901208.938243 35.248046
389724.090821 3901281.810467 35.248565
391671.592384 3900138.229147 35.238468
395014.082983 3898880.890617 35.227489
393690.732912 3898923.931923 35.227737
392373.105706 3898999.131892 35.228274
395852.080144 3897543.858331 35.215522
388425.402532 3901372.060419 35.249235
387100.135791 3901500.061136 35.250240
385759.141257 3901697.031912 35.251864
384814.393022 3901207.961589 35.247347
390386.521715 3900200.986564 35.238894
389097.202246 3900286.268927 35.239521
391066.283560 3899097.178199 35.229017
391744.942645 3897955.582449 35.218799
394415.586685 3897728.906356 35.217040
393093.734430 3897784.279412 35.217399
394894.313774 3896889.182449 35.209520
387794.353479 3900382.853121 35.240247
386484.121288 3900476.858632 35.240947
385191.240713 3900452.719945 35.240582
383618.486002 3900329.581540 35.239290
389773.374904 3899193.772781 35.229747
388479.522809 3899286.413776 35.230439
390448.224763 3898095.650566 35.219921
391098.844563 3897010.687021 35.210211
392389.542699 3896746.859885 35.207972
393948.610248 3896351.584415 35.204574
387179.796830 3899375.745125 35.231099
385880.116964 3899453.030011 35.231648
384591.130171 3899552.158743 35.232394
389162.551229 3898196.420266 35.220688
387869.915544 3898283.706525 35.221331
389843.414223 3897120.541736 35.211064
391636.825837 3896057.039041 35.201672
390530.180432 3896088.712419 35.201837
392814.421629 3895322.311802 35.195174
386570.808656 3898371.894807 35.221980
385263.655087 3898489.086352 35.222888
383915.392751 3898743.453517 35.225026
388560.913188 3897198.716666 35.211627
387265.958598 3897273.332364 35.212155
389259.829359 3896133.336696 35.202100
391351.209404 3895116.823924 35.193165
389991.019710 3895094.104509 35.192812
392381.376978 3894077.733143 35.183908
392382.197852 3893113.721489 35.175217
385965.471696 3897356.754960 35.212760
384659.099060 3897457.520125 35.213519
383357.855180 3897508.389241 35.213827
382095.289342 3897133.248800 35.210298
387963.865513 3896185.243712 35.202424
386664.834115 3896243.962154 35.202808
388669.634136 3895112.982068 35.192836
390753.500787 3894061.387870 35.183585
389381.805539 3894051.685060 35.183347
391351.024114 3893031.928066 35.174369
392722.460864 3891935.082977 35.164628
391822.324084 3891990.232873 35.165029
385368.540128 3896305.021065 35.203211
384083.761765 3896342.706370 35.203403
382839.193303 3896292.699929 35.202808
381751.142123 3896225.933328 35.202078
380721.420957 3896937.357546 35.208369
379603.471791 3896255.554659 35.202090
387362.073137 3895149.417008 35.193019
386063.147199 3895194.288458 35.193277
388059.250943 3894064.395880 35.183315
390064.567841 3892996.403724 35.173909
388752.880000 3892981.136670 35.173626
390702.090831 3891952.354299 35.164566
392416.706914 3890967.290023 35.155870
393447.762971 3890155.510983 35.148662
391359.468650 3890941.198551 35.155521
394022.220529 3888970.306006 35.138037
393898.977820 3887949.010321 35.128817
384774.980085 3895235.176860 35.193498
383502.942778 3895257.704916 35.193554
382244.165962 3895288.460324 35.193685
380855.657177 3895478.090782 35.195230
379698.106724 3895121.842881 35.191881
378557.213897 3895366.576022 35.193950
386751.748614 3894095.916051 35.183453
385456.750014 3894136.520090 35.183672
387437.395045 3892995.528882 35.173610
389446.097623 3891900.215321 35.163958
388128.180403 3891878.881968 35.163620
390169.058897 3890854.391901 35.154609
392114.709029 3889998.227721 35.147101
392834.558794 3889206.711165 35.140043
390931.959380 3889884.915402 35.145952
392890.275747 3888075.718241 35.129852
393530.288022 3886957.782419 35.119842
395588.942266 3875612.839783 35.017777
384174.777357 3894175.097121 35.183873
382900.805398 3894212.357695 35.184061
381615.281550 3894264.251670 35.184378
380356.088810 3894253.599830 35.184132
379118.107906 3894255.584341 35.184002
377680.374466 3894406.776769 35.185191
386131.911341 3893035.631231 35.173824
384843.972015 3893083.290325 35.174107
386800.428540 3891917.501315 35.163820
394151.704367 3884399.074115 35.096839
388859.816434 3890738.405404 35.153420
387472.489141 3890740.802702 35.153287
389714.938171 3889709.526870 35.144238
391697.816347 3888833.993308 35.136561
390535.809536 3888972.400044 35.137683
391807.935974 3887726.973296 35.126592
392440.123534 3886885.558467 35.119075
393192.682178 3885857.166744 35.109883
368066.463644 3907926.300478 35.305841
394931.348670 3876493.387950 35.025647
394371.826464 3874934.614819 35.011536
395816.838486 3873925.290080 35.002586
383569.247743 3893125.807233 35.174343
382298.451070 3893163.098489 35.174531
381036.575199 3893190.184671 35.174627
379812.819133 3893211.900023 35.174677
378604.102188 3893173.091159 35.174182
377551.140263 3893197.277120 35.174272
394435.527062 3882946.695948 35.083775
385501.207814 3891985.313640 35.164284
384229.971653 3892041.648205 35.164646
386131.422251 3890869.140994 35.154293
386687.001893 3889694.282161 35.143764
393240.936561 3883471.209168 35.088378
392870.143010 3884763.784298 35.099992
388228.138915 3889346.929401 35.140805
389564.850377 3888460.416225 35.132961
390769.499646 3887973.325961 35.128701
391241.971226 3886866.437074 35.118773
391977.611316 3885829.497398 35.109504
366829.652099 3908261.050276 35.308695
368854.495520 3906736.926292 35.295224
367546.687325 3906937.519849 35.296860
369387.946655 3905590.959400 35.284964
361049.293143 3908960.221938 35.314210
359668.750342 3909340.917585 35.317449
393766.985760 3877140.706150 35.031361
393450.975361 3876133.282092 35.022245
392885.625459 3874981.006496 35.011797
393464.041744 3874023.284127 35.003224
394465.048012 3873373.646688 34.997472
395475.121082 3872487.989949 34.989592
382967.542443 3892079.623580 35.164842
381701.289596 3892106.637577 35.164937
380435.552012 3892141.883458 35.165105
379326.529159 3892257.301521 35.166013
378135.708663 3891709.957422 35.160935
393516.662772 3882171.419981 35.076689
392456.061225 3882798.330203 35.082228
384869.574304 3890964.946012 35.155013
383628.317391 3891011.177024 35.155287
385457.867841 3889912.280102 35.145590
385906.424379 3888991.905177 35.137344
386925.717549 3888304.941512 35.131266
392015.572466 3883748.207767 35.090745
391432.713417 3884800.766425 35.100171
388372.188089 3887780.637260 35.126701
389768.595001 3886979.995821 35.119637
390688.102091 3885803.550867 35.109131
387403.769316 3887149.592239 35.120904
370045.932937 3904553.709057 35.275699
374019.991881 3898514.237476 35.221765
374353.371236 3896903.837289 35.207290
364193.607096 3907951.889469 35.305553
362826.370267 3908195.033093 35.307558
365510.993336 3907651.044371 35.303020
366467.772146 3906997.223724 35.297254
364609.502608 3906973.969690 35.296795
368158.565341 3905771.408876 35.286429
366903.273013 3905932.462485 35.287714
368767.138716 3904648.209578 35.276384
357966.812791 3909541.437817 35.319016
361527.617530 3908038.763345 35.305971
360170.973201 3908119.873699 35.306513
358807.103585 3908245.694253 35.307455
393089.720424 3879722.130433 35.054563
392756.836694 3880741.147687 35.063714
392571.565331 3878122.438978 35.040086
392642.742693 3877230.827757 35.032055
392107.361694 3876019.478866 35.021077
391579.510335 3874895.707679 35.010889
392340.045755 3873879.975211 35.001813
393257.664299 3872947.370034 34.993502
394404.839336 3871923.628340 34.984393
382378.009057 3891029.641436 35.155308
381091.637581 3891035.664644 35.155211
379644.472783 3891049.871861 35.155167
392152.147380 3881794.261137 35.073144
391355.016307 3882806.733902 35.082186
384268.688112 3889970.376383 35.145978
383056.148162 3889981.086402 35.145934
384884.118949 3888983.267835 35.137150
385577.444513 3888064.922482 35.128950
386305.049827 3887106.729741 35.120394
390738.566404 3883848.691564 35.091513
390306.308518 3884811.145891 35.100143
388342.131211 3886442.308573 35.114632
389401.467846 3885533.752035 35.106558
387073.785843 3886113.532424 35.111527
371516.967570 3901663.819821 35.249839
372302.890451 3900811.212903 35.242254
372949.216584 3899620.198055 35.231600
369434.981520 3903500.529030 35.266126
370555.410109 3903078.511705 35.262468
372730.449434 3898560.204066 35.222017
373348.498698 3897521.805943 35.212734
363566.698673 3907040.378610 35.297252
362476.167305 3907083.902104 35.297495
365548.255824 3906204.224327 35.289983
364227.985093 3906022.486468 35.288166
367491.908471 3904782.644528 35.277428
366206.490615 3904902.026861 35.278333
368083.555341 3903690.284650 35.267660
357437.610282 3908227.120844 35.307093
356267.504275 3909383.514869 35.317349
361397.729018 3906838.785049 35.295136
360563.477605 3907022.362598 35.296675
359409.578299 3907111.587856 35.297318
358188.931856 3907133.561588 35.297343
391809.443220 3879412.914058 35.051638
391327.787620 3880709.267148 35.063274
391567.426143 3878090.999860 35.039695
391273.647428 3876990.293007 35.029740
390811.676426 3875886.053510 35.019735
390302.540821 3874808.925882 35.009969
391029.826219 3873799.088761 35.000943
391823.621832 3872633.670228 34.990522
393048.457039 3871850.336387 34.983590
381823.150510 3889963.927745 35.145635
380567.386927 3889922.325896 35.145112
379422.786467 3889879.865385 35.144593
390716.660196 3881794.750895 35.072994
390051.119486 3882856.427989 35.082493
383716.126953 3888969.743821 35.136893
382522.624508 3888941.903851 35.136504
384378.184406 3887990.594710 35.128143
385065.181331 3887012.354457 35.119403
385784.400926 3885995.287712 35.110315
389270.686566 3884069.162864 35.093340
388032.982427 3885096.661889 35.102467
386574.407643 3884890.901547 35.100449
370516.889080 3901862.320773 35.251499
371096.390824 3900764.228448 35.241676
371812.121295 3899675.213119 35.231951
368516.167774 3902760.088060 35.259332
369427.738078 3902124.773981 35.253724
374328.941897 3893275.424871 35.174578
371278.930989 3898591.936832 35.222117
372021.174703 3897535.102434 35.212686
372746.803243 3896586.339327 35.204225
373276.671578 3895509.549340 35.194586
374144.983822 3894567.779634 35.186205
363066.626324 3906015.212372 35.287943
361980.392294 3906007.488532 35.287724
364911.806940 3904950.703072 35.278598
363665.044513 3904950.681717 35.278429
366832.465187 3903751.748054 35.268048
365551.277872 3903790.664631 35.268227
367458.683689 3902698.757099 35.258639
341929.310711 3907235.600993 35.295825
343482.321038 3907577.479804 35.299151
356390.733825 3907983.551147 35.304748
357004.658757 3907075.270055 35.296649
355351.112734 3908157.020550 35.306162
354682.371355 3909440.974263 35.317638
353109.876809 3909288.569388 35.316034
351478.276069 3910111.527908 35.323211
348124.624672 3908919.572395 35.311963
358812.121170 3906102.470260 35.288138
360960.051742 3905979.561033 35.287331
359914.864382 3906045.810630 35.287782
357662.541278 3906039.480048 35.287407
374114.178337 3892176.280782 35.164643
390838.119356 3878781.755440 35.045844
390514.591178 3879722.994114 35.054294
390017.010707 3880789.851520 35.063858
390473.044696 3877879.951956 35.037674
390039.652525 3876834.726020 35.028204
389567.359884 3875767.461185 35.018530
389073.402066 3874724.406001 35.009073
389753.483850 3873781.103347 35.000643
390379.786711 3872795.441175 34.991825
390824.784301 3871885.832560 34.983672
391884.829090 3871278.066243 34.978307
381323.131612 3888873.206479 35.135744
377528.873166 3889283.715641 35.138990
376384.361987 3889317.632230 35.139155
380099.212034 3888731.689580 35.134323
378717.706821 3888458.447996 35.131694
389396.885138 3881812.270347 35.073008
388828.936670 3882807.245721 35.081915
383187.019238 3887951.471363 35.127652
382030.194876 3887912.229142 35.127164
383839.231655 3886962.049338 35.118808
384506.789320 3885954.799752 35.109805
385181.211435 3884893.691554 35.100316
387535.436474 3883530.693293 35.088294
385838.676965 3883715.900634 35.089773
369914.595974 3900869.268994 35.242470
370514.938384 3899703.773069 35.232041
368175.871196 3901786.268749 35.250509
368880.187056 3901016.731632 35.243664
369936.194605 3898578.276081 35.221821
373345.701603 3893344.584061 35.175078
370658.753886 3897499.372923 35.212189
371363.612280 3896451.269941 35.202831
372040.854327 3895417.969390 35.193603
372725.481041 3894402.373656 35.184535
362483.490619 3904986.552536 35.278590
361498.293843 3905141.103259 35.279848
364271.795996 3903834.411126 35.268449
363028.575676 3903894.972159 35.268826
366202.893228 3902646.381542 35.258000
364882.231988 3902658.997674 35.257937
366941.149852 3901558.010447 35.248288
340404.253949 3906685.874109 35.290628
339203.041733 3906138.026756 35.285499
336722.817652 3905009.109587 35.274922
335322.760457 3903776.245181 35.263582
333825.387052 3902841.633723 35.254911
332729.666743 3901903.109840 35.246270
331361.542482 3901196.696579 35.239675
347698.836145 3907712.283101 35.301017
346458.166374 3908264.334663 35.305803
344950.646718 3907885.859138 35.302159
341779.240431 3905570.885456 35.280798
343114.824144 3906132.379698 35.286069
344448.821418 3906506.775513 35.289651
355892.811249 3907074.989056 35.296487
354928.917052 3907153.042411 35.297051
356455.337714 3905993.139495 35.286817
349812.951016 3909160.375514 35.314389
350944.866579 3908411.003587 35.307804
353944.314642 3907906.321840 35.303698
352315.129775 3908191.573693 35.306029
348788.675385 3907729.817551 35.301340
359338.435694 3905237.093658 35.280412
358358.380203 3905047.499479 35.278564
360405.546245 3904821.989305 35.276819
357155.832127 3904885.177527 35.276930
375232.277914 3889419.765961 35.139934
373911.216871 3890626.141803 35.150644
372644.409611 3892335.636551 35.165895
372882.848826 3891319.906275 35.156768
389826.080491 3878802.069224 35.045917
389269.101252 3879842.369210 35.055234
388877.033379 3880857.718606 35.064345
389293.363411 3877780.089330 35.036645
388818.839322 3876704.761805 35.026898
388358.060010 3875646.148448 35.017304
387884.029275 3874611.905182 35.007927
388574.945820 3873731.135894 35.000063
389160.407822 3872827.873596 34.991984
389686.594328 3871845.358980 34.983184
390349.064700 3870876.838165 34.974524
380896.246062 3887767.411281 35.125725
377279.856313 3888195.674327 35.129151
375948.290580 3888162.353330 35.128687
379668.008251 3887489.154369 35.123070
378307.463112 3887170.975040 35.120038
387890.547676 3881767.928126 35.072442
382635.767789 3886932.542496 35.118403
381616.402555 3887007.057845 35.118955
383262.457938 3885930.781396 35.109445
383908.266324 3884934.899161 35.100541
384474.747159 3883870.656900 35.091012
386311.827596 3882367.629432 35.077671
384954.456403 3882742.205540 35.080894
369051.441212 3899744.020845 35.232214
367831.274181 3900559.493495 35.239405
368770.500449 3898465.849556 35.220656
369342.645158 3897464.993076 35.211708
372116.208126 3893310.265326 35.174613
370009.969629 3896374.961916 35.201969
370704.083414 3895294.183789 35.192316
371428.431684 3894264.385115 35.183126
361661.996249 3903910.077704 35.268774
363591.852864 3902760.717127 35.258679
362497.293159 3902927.657758 35.260034
365551.556026 3901420.398209 35.246862
364124.027962 3901501.708492 35.247402
366426.619513 3900237.062076 35.236312
340392.702739 3904712.592923 35.272842
338594.453543 3903717.728690 35.263587
336662.017244 3902830.148548 35.255274
335204.361921 3902295.624185 35.250218
334210.623433 3901154.906298 35.239773
332845.414655 3899855.485349 35.227836
330983.413106 3897752.880603 35.208574
331063.126897 3895348.987129 35.186923
331245.858083 3893415.243139 35.169526
348072.398302 3906858.609225 35.293379
347050.304606 3906789.276006 35.292599
345769.857936 3906750.083810 35.292049
341915.903250 3903853.492555 35.265341
342918.510976 3904805.764878 35.274081
344130.783122 3905098.119802 35.276906
345244.480774 3905597.036358 35.281575
355226.130582 3906088.106562 35.287496
354230.251091 3906538.924421 35.291414
355790.064122 3904796.068110 35.275931
350034.918380 3907359.594588 35.298191
351421.061658 3906857.837657 35.293876
352992.553448 3906574.588838 35.291555
348988.268765 3906368.738175 35.289103
359201.280031 3904167.852086 35.270754
357980.089115 3903853.145827 35.267745
360263.931019 3903272.760921 35.262835
356688.599020 3903582.011204 35.265117
371630.769846 3892414.399475 35.166476
374795.618361 3888231.279892 35.129166
372997.955783 3890086.077098 35.145661
373708.616204 3889017.995891 35.136122
371776.706917 3891448.648035 35.157789
372048.753999 3890306.217160 35.147525
388568.267535 3878805.483037 35.045809
387811.628453 3880076.387133 35.057183
388034.310819 3877653.798288 35.035368
387620.302098 3876546.600102 35.025340
387184.434973 3875521.997207 35.016054
386677.885781 3874483.837735 35.006638
387435.448281 3873564.142444 34.998431
388142.907306 3872877.603566 34.992321
388424.720862 3871936.822164 34.983870
388980.780786 3870749.599816 34.973228
380640.534298 3886591.364714 35.115092
375205.199273 3887028.795311 35.118377
376792.519884 3886781.258425 35.116341
379346.898291 3886215.344506 35.111548
378039.807609 3885886.334455 35.108425
386472.103370 3880924.040969 35.064675
381879.289111 3885831.895749 35.108392
382805.412241 3884968.770068 35.100719
383218.990251 3883990.941198 35.091952
383746.895447 3882946.582920 35.082598
385179.741555 3881525.417655 35.069950
384174.868372 3882027.322842 35.074360
367512.385760 3899015.180144 35.225442
368009.844975 3897526.997773 35.212093
368670.601831 3896344.784513 35.201523
370922.432629 3893100.452394 35.172569
369320.101078 3895195.471442 35.191247
370061.494618 3894061.354501 35.181120
361456.860706 3902325.892713 35.254466
362747.201903 3901746.816340 35.249424
363238.973695 3900503.075833 35.238280
364732.393982 3899920.580649 35.233232
365990.975443 3898949.115396 35.224644
342293.726237 3902347.948622 35.251831
340459.371171 3902310.053735 35.251199
338126.677816 3901307.253970 35.241787
336001.006419 3900875.504209 35.237550
334657.947218 3899158.564834 35.221855
333129.144205 3897967.362342 35.210866
332541.838606 3896478.706805 35.197352
332916.445980 3894733.121056 35.181682
333153.003630 3892595.635666 35.162457
333450.669902 3891016.894195 35.148278
331620.464881 3890553.844779 35.143800
333102.154218 3889862.263383 35.137814
347835.888424 3905693.076485 35.282838
346466.717063 3905457.518682 35.280506
343651.851185 3903374.193134 35.261293
345406.226812 3904172.890445 35.268764
343448.003211 3901573.873386 35.245035
354059.369784 3904972.739838 35.277273
355155.147563 3903255.618499 35.261955
350253.697428 3905630.105934 35.282636
351985.254672 3904980.560971 35.277039
348944.018948 3904941.500830 35.276232
358861.292131 3902774.899115 35.258151
357615.176630 3902661.710921 35.256954
359996.601108 3901636.223113 35.248046
356435.302393 3902040.682012 35.251188
370694.068006 3891877.143149 35.161512
373883.740905 3887527.696629 35.122709
372438.359943 3889160.269026 35.137244
372858.775009 3888126.049381 35.127974
370759.312962 3890438.822505 35.148555
371437.314780 3889383.795303 35.139132
387175.144589 3878678.485833 35.044510
386429.207551 3879659.126921 35.053267
386729.957904 3877407.653083 35.033003
386596.225946 3876345.474677 35.023412
385970.105407 3875498.246588 35.015704
385379.393596 3874354.593395 35.005327
386213.909772 3873352.402002 34.996386
387119.000196 3872328.201397 34.987254
387458.633713 3870992.581487 34.975250
374049.857878 3885879.562590 35.107873
380436.402438 3885237.616265 35.102864
375761.191694 3885590.991459 35.105484
377005.886303 3885434.156748 35.104223
378989.206646 3884916.950829 35.099801
377796.932464 3884799.621824 35.098599
385209.659981 3880148.151027 35.057537
381758.053847 3884155.530575 35.093265
382620.582697 3883069.485623 35.083575
383037.726398 3881979.120352 35.073794
383955.528551 3880943.462738 35.064564
366506.012566 3897624.214336 35.212770
367256.937854 3896247.294112 35.200458
368084.111362 3895259.293368 35.191661
369603.586093 3892675.429241 35.168568
368390.290320 3893838.570979 35.178894
361574.167211 3900462.178860 35.237683
363017.099490 3898884.435627 35.223659
364777.472017 3897948.866047 35.215465
341993.452139 3900628.508371 35.236286
339898.626431 3899603.808701 35.226719
337144.414579 3898507.196149 35.216392
334617.052138 3896591.707966 35.198714
334877.640029 3893969.175893 35.175121
334806.768328 3891886.191284 35.156337
334570.847042 3890186.902556 35.140983
333987.245580 3888383.634642 35.124634
331881.608908 3889170.418455 35.131376
347493.597394 3903743.109502 35.265211
345449.905892 3901767.937791 35.247095
343851.034163 3899751.206905 35.228670
354921.376689 3901566.788169 35.246698
353036.196449 3902575.991010 35.255520
350148.667262 3903272.840002 35.261373
358110.645381 3901058.053049 35.242570
359712.730442 3899924.093497 35.232574
356120.963179 3900120.378609 35.233834
369471.582478 3891185.374685 35.155119
369525.296554 3889898.807091 35.143528
372684.430037 3886882.785032 35.116745
371578.727450 3888041.702385 35.127051
370361.438460 3888972.134876 35.135283
372464.187715 3885359.169975 35.102982
385477.455548 3878468.838877 35.042429
385476.337415 3876753.046482 35.026960
384506.373445 3875530.813901 35.015831
383980.243795 3874109.729762 35.002959
384927.860868 3873152.844832 34.994441
385743.893779 3872231.075730 34.986224
386413.502847 3871343.125612 34.978294
373475.563877 3884458.220467 35.094988
374874.750727 3884309.820971 35.093825
380004.462444 3883715.020874 35.089087
376638.988315 3884112.769293 35.092266
378310.763693 3883648.104255 35.088280
383743.923767 3879368.401802 35.050340
381341.245570 3882275.485877 35.076268
382387.269970 3880612.722928 35.061400
365488.403194 3896058.285922 35.198519
366782.621942 3894670.588793 35.186182
368081.636663 3891990.067452 35.162191
366798.451703 3893018.374649 35.171291
360849.735404 3898215.429767 35.217331
362929.882667 3896257.205695 35.199966
342009.995293 3898184.856199 35.214264
339657.727664 3896686.098119 35.200383
337051.685820 3895329.040207 35.187733
336720.807454 3892680.196972 35.163805
336067.565805 3890868.892050 35.147374
336010.637654 3889103.991875 35.131458
335468.556931 3887041.950049 35.112785
332889.564030 3884937.009915 35.093389
348203.723334 3900897.087717 35.239667
346094.897226 3898864.436926 35.221025
344109.843353 3897488.447242 35.208316
353859.360728 3899841.748591 35.230995
351124.250297 3900142.927211 35.233308
358032.452065 3898249.154128 35.217240
355366.720185 3897966.679251 35.214313
368165.583787 3890232.358657 35.146357
368868.548750 3888665.595846 35.132326
371271.362442 3886362.899766 35.111878
369999.421370 3887404.413342 35.121104
371158.290055 3884927.431969 35.098924
372145.611784 3883644.500286 35.087485
334036.873787 3881453.681563 35.062185
383577.914380 3877267.675047 35.031383
382654.266850 3875202.060243 35.012654
381661.931658 3874093.694933 35.002546
382699.741442 3873583.747310 34.998070
383713.857401 3872834.686174 34.991434
384535.873010 3872034.862339 34.984318
385253.209415 3871175.291059 34.976650
385997.129583 3870359.446105 34.969379
373843.385029 3883098.338620 35.082775
375479.571310 3882719.489111 35.079563
379191.134925 3882056.973409 35.074043
377243.899069 3882287.752674 35.075888
381855.752764 3878770.152716 35.044727
380389.503671 3880340.277407 35.058709
372794.610052 3882063.522702 35.073315
364677.475182 3893602.304518 35.176271
366060.216872 3890990.856527 35.152916
359832.128322 3895516.621555 35.192862
361866.969873 3893576.070799 35.175652
342549.308679 3894952.083915 35.185212
339292.443438 3893541.129680 35.171980
338228.752209 3890487.675057 35.144288
337740.682527 3887655.692026 35.118685
336714.272393 3885130.290843 35.095758
335857.986702 3882584.339316 35.072673
335689.445111 3880572.358378 35.054512
348911.069350 3897592.699616 35.209990
346043.876839 3895690.466780 35.192409
352586.630514 3896678.754731 35.202299
356234.156642 3894944.390977 35.187195
366986.251122 3888664.002826 35.132064
368173.307309 3886822.331105 35.115619
369743.112608 3885562.313271 35.104465
370167.205949 3883708.594060 35.087809
371116.039551 3881896.844155 35.071599
336255.731281 3879187.166879 35.042119
335008.161833 3879068.233080 35.040844
386675.305377 3869548.083508 34.962140
381331.250101 3876781.353492 35.026737
380822.389713 3875048.081076 35.011051
380560.617867 3873676.087298 34.998652
381572.608638 3872958.719378 34.992304
382615.532453 3872303.872834 34.986522
383523.886077 3871823.309113 34.982294
384052.519551 3870992.192157 34.974862
384776.314417 3870091.283514 34.966823
385519.481986 3869238.490314 34.959219
374290.259753 3881394.928624 35.067475
375986.148140 3881113.835612 35.065151
377856.881517 3880075.925383 35.056023
379704.729570 3878251.258459 35.039796
372577.791405 3880283.372218 35.057240
364896.374482 3888784.011942 35.132868
362815.779612 3890646.200988 35.149372
359079.496166 3891859.239937 35.159790
345185.066771 3891962.655616 35.158678
341546.226251 3891113.277444 35.150455
340222.757876 3888452.115800 35.126261
339799.049480 3885719.233690 35.101562
338529.702720 3882845.226970 35.075456
337288.586767 3880568.716464 35.054738
349413.133937 3893284.508066 35.171234
355544.229097 3891361.924318 35.154805
353197.630683 3892981.056183 35.169059
347758.220177 3889452.141646 35.136443
365753.502317 3886489.596142 35.112300
367688.995110 3884148.835133 35.091456
369151.284260 3882072.374021 35.072928
369859.691260 3879609.389669 35.050817
337667.678931 3878101.692051 35.032564
335624.770837 3877625.131920 35.027938
386154.300699 3868494.947518 34.952587
387043.635365 3868331.128776 34.951210
388373.888408 3868825.586225 34.955815
379372.477537 3876149.661548 35.020810
379353.786515 3874386.108615 35.004909
379536.646340 3873146.943318 34.993760
380416.352661 3872423.245198 34.987340
381481.464022 3871671.931289 34.980692
382701.622623 3870951.089096 34.974336
383524.182608 3869877.570991 34.964753
384311.324245 3868904.963287 34.956075
385202.458038 3868032.442863 34.948310
375060.123474 3879091.587395 35.046807
377422.581393 3877391.098008 35.031767
372346.094127 3877645.003041 35.033427
362866.158003 3887130.237450 35.117686
360263.740027 3888582.902070 35.130422
356999.592874 3888389.290382 35.128218
343799.260388 3887286.091640 35.116313
341787.260641 3882947.947785 35.076898
339731.078381 3880122.262613 35.051105
352209.726307 3888637.398343 35.129763
348183.553470 3886092.551092 35.106225
369730.575267 3876502.741155 35.022796
363909.860003 3883389.473542 35.084107
366924.623093 3880998.907846 35.062960
367171.553202 3877868.241672 35.034772
340160.800887 3877107.529882 35.024001
338300.846857 3875901.981401 35.012839
336311.812637 3876200.109543 35.015206
386330.608739 3867324.725611 34.942057
390030.067383 3868194.608142 34.950308
387684.051192 3867462.500912 34.943450
388799.848418 3867531.394795 34.944195
390546.746628 3866839.962635 34.938151
391483.666959 3867385.590567 34.943171
392453.610823 3866474.324566 34.935059
386047.002474 3865960.311152 34.929725
385001.026680 3866681.429579 34.936108
377600.143526 3875040.791833 35.010600
378230.443149 3873255.529887 34.994583
379122.032486 3871993.952991 34.983316
380224.730959 3871092.112924 34.975317
381357.934642 3870302.854196 34.968336
382355.820690 3869686.258708 34.962893
382947.482028 3868639.907572 34.953529
383897.993564 3867550.367717 34.943816
374941.106394 3875738.528931 35.016565
371907.405516 3874645.924700 35.006335
370779.950143 3873100.146669 34.992257
369580.378084 3874104.128956 35.001154
359557.619729 3884890.985458 35.097045
355342.883082 3885006.046730 35.097486
360811.886375 3881163.915161 35.063623
345911.833581 3882553.228248 35.073979
342952.343324 3879163.932949 35.042974
351238.667804 3882536.684303 35.074630
367518.436274 3875145.044810 35.010269
363766.452574 3878906.988775 35.043682
365229.613880 3876048.009319 35.018106
342612.780655 3874959.492483 35.005025
339700.094449 3874397.147968 34.999499
337663.919753 3873703.997759 34.992927
387181.760542 3866310.662486 34.933010
386824.147528 3865340.634763 34.924225
389536.704050 3866722.715041 34.936984
388374.511875 3866451.766561 34.934414
390254.535685 3865959.466132 34.930181
391428.829580 3865937.603374 34.930111
392858.921971 3865315.337334 34.924653
384950.114422 3865337.805807 34.923989
385994.328880 3864766.845007 34.918959
383577.918846 3865883.263283 34.928749
384080.127357 3864637.025645 34.917572
376280.507378 3873324.683227 34.994969
377489.556124 3871641.172644 34.979940
378834.476197 3870405.081067 34.968958
380136.110976 3869755.948434 34.963261
381247.823041 3868660.095375 34.953513
382347.721018 3867160.559563 34.940123
369637.980253 3872376.925443 34.985591
373970.870957 3873032.388407 34.992049
372002.874512 3872399.929585 34.986100
370771.060409 3871974.129308 34.982105
370088.825472 3871192.063549 34.974968
367907.899658 3872854.763451 34.989674
356709.096188 3880578.618670 35.057772
360116.411112 3878055.579757 35.035508
347510.234069 3877295.871131 35.026835
352802.794453 3877598.730658 35.030350
365490.580697 3873493.427121 34.995113
362201.028705 3874827.477148 35.006695
345589.984705 3871481.957886 34.974139
339761.974095 3870313.562378 34.962702
387830.246084 3865324.270965 34.924189
387067.392862 3864341.222217 34.915242
389214.471290 3865359.301326 34.924657
390545.926836 3864937.922426 34.921003
391858.484627 3864650.966792 34.918557
385000.290530 3864098.234008 34.912819
386077.023827 3863523.079867 34.907755
383944.954385 3863524.165417 34.907523
381841.043820 3865474.326946 34.924862
382927.364455 3864341.837583 34.914778
375451.019610 3871240.514525 34.976079
377018.885043 3869627.878205 34.961733
379015.558008 3868319.913334 34.950182
380574.089317 3866755.890153 34.936267
368699.756156 3871036.690954 34.973388
373242.312161 3870845.701692 34.972245
371345.681263 3870801.781273 34.971610
369989.667385 3869771.023745 34.962145
366520.278052 3870973.159998 34.972530
357093.646220 3874803.063636 35.005766
351462.383914 3872783.082134 34.986746
363566.380227 3871113.533683 34.973402
360144.032235 3871375.009986 34.975291
349558.312261 3867116.713559 34.935390
342632.866088 3866428.824236 34.928138
388319.176383 3864142.285584 34.913587
387359.416072 3862950.462085 34.902736
389640.188955 3863977.046299 34.912242
390879.039617 3863743.443086 34.910270
391876.845712 3863469.135170 34.907904
392916.199947 3863656.911132 34.909707
382814.581767 3862902.616956 34.901790
386085.519816 3862181.285239 34.895659
384955.182000 3862800.710078 34.901116
383892.188104 3862364.815902 34.897065
380313.643159 3865074.899716 34.921082
381305.500992 3863629.992123 34.908172
381802.344782 3862071.358323 34.894179
374704.006956 3868972.092710 34.955537
376618.736041 3867189.355002 34.939701
378678.744646 3865846.172161 34.927841
368053.915224 3869052.780500 34.955420
371979.360437 3868628.295175 34.952097
369770.532980 3867915.157129 34.945387
365403.177769 3868288.879343 34.948185
356219.659369 3868408.260401 34.947999
361639.281702 3867725.091666 34.942595
353837.275927 3862431.676568 34.893785
347607.917263 3861173.888611 34.881531
388803.283615 3862901.714465 34.902456
387064.634892 3861747.342980 34.891857
388098.839051 3861816.690314 34.892596
386325.664860 3860953.489241 34.884617
390079.224191 3862777.897474 34.901479
391273.541301 3862647.933244 34.900436
392456.974055 3862646.575706 34.900550
393808.641539 3862868.012064 34.902688
383015.170398 3861483.854131 34.889023
384731.092072 3861112.942754 34.885875
381605.852459 3860463.567164 34.879661
379168.847129 3863668.525869 34.908267
380270.628236 3861877.045914 34.892247
373913.730905 3866301.908048 34.931367
376381.440519 3864069.339779 34.911545
367940.083307 3866332.687803 34.930884
370889.587618 3865791.688564 34.926387
364699.198829 3864537.841003 34.914277
359803.391317 3862630.479136 34.896419
356903.742103 3858532.108636 34.859070
352931.114114 3856734.633746 34.842300
389322.834470 3861746.204133 34.892095
387453.711905 3860834.943304 34.883674
388589.156487 3860719.711413 34.882760
385788.423132 3859815.082897 34.874294
386830.603614 3860029.612370 34.876344
390556.441313 3861651.302724 34.891373
395254.840203 3863118.781057 34.905100
391792.716857 3861599.473742 34.891039
393073.860914 3861638.241998 34.891524
394410.699719 3861736.913183 34.892553
383244.940882 3859988.224590 34.875565
384541.599423 3859316.711854 34.869660
385529.797056 3858676.343506 34.863998
382241.034904 3859102.153706 34.867461
380988.770786 3858808.073920 34.864664
379678.051399 3859914.866918 34.874488
378063.159679 3861514.609251 34.888717
372909.364577 3863162.228097 34.902938
375317.472385 3860804.529646 34.881982
368824.229857 3862411.436609 34.895650
364585.088211 3859841.868370 34.871930
360740.457193 3856942.518170 34.845274
357206.597054 3853923.921381 34.817573
396619.353591 3863217.951685 34.906134
389810.046344 3860610.164800 34.881906
387813.361660 3859743.015027 34.873870
389036.127867 3859567.491814 34.872421
386771.854182 3858801.680889 34.865267
391060.265292 3860526.397246 34.881286
395739.135413 3861795.331000 34.893217
392335.186176 3860486.651401 34.881063
393638.877637 3860492.112771 34.881250
394948.739346 3860509.303348 34.881541
385926.641146 3857590.985294 34.854258
383334.853665 3858450.539535 34.861713
384620.455538 3857857.453722 34.856513
382030.766549 3857800.597358 34.855703
379577.235096 3858072.195269 34.857864
380799.671497 3857495.438007 34.852808
377562.580676 3858754.419920 34.863773
378522.777144 3856973.597789 34.847834
372129.618235 3859596.687985 34.870697
374858.654949 3857731.546790 34.854223
368616.684372 3857620.801948 34.852437
364826.732330 3854912.118004 34.827522
361117.303711 3851817.929319 34.799130
397918.162814 3862893.916314 34.903344
396979.866509 3861703.544585 34.892517
397967.802349 3861419.792352 34.890058
390295.431116 3859450.140098 34.871500
388198.678986 3858504.894392 34.862750
389510.068507 3858377.290499 34.861743
387315.483662 3857252.200828 34.851358
386262.726255 3856486.481981 34.844338
391571.741687 3859360.917077 34.870833
396221.216545 3860485.777449 34.881460
392873.612023 3859303.043383 34.870449
394191.108723 3859278.811123 34.870369
395491.337843 3859267.157058 34.870398
385059.492975 3856472.046740 34.844072
383330.302053 3856638.428910 34.845375
381490.000263 3856309.300991 34.842195
379911.589166 3856487.260996 34.843615
376920.679724 3856270.836157 34.841306
378641.843069 3855283.640193 34.832613
372251.481178 3855851.885989 34.836953
374970.044222 3855112.358412 34.830624
369082.942688 3853113.936260 34.811868
364817.490847 3850139.123670 34.784493
399292.877857 3863121.903611 34.905537
398977.405728 3861681.207389 34.892516
398550.116487 3860411.704569 34.881028
397413.478808 3860408.736828 34.880887
390784.312571 3858258.849245 34.860813
388745.153473 3857288.000985 34.851839
390000.687561 3857194.643088 34.851134
388161.276214 3856300.721850 34.842874
387142.051492 3855793.022324 34.838184
385869.931950 3855324.352662 34.833817
392081.612122 3858140.699700 34.859886
396754.705615 3859230.850259 34.870200
393423.106474 3858059.357162 34.859294
394770.936890 3858042.181864 34.859280
396061.287886 3858056.292420 34.859540
384346.878377 3854934.939193 34.830134
382429.630240 3854644.764385 34.827298
380438.011043 3854789.792707 34.828373
376968.182334 3853770.229508 34.818768
379089.781048 3853410.720605 34.815781
373851.157968 3851938.202917 34.801871
370134.054102 3848225.364133 34.767932
385484.538572 3853937.343668 34.821269
406516.511858 3873768.660574 35.002220
406178.418114 3872501.695705 34.990766
405707.188973 3871334.089405 34.980195
405162.721077 3870072.587169 34.968770
401764.231698 3863750.323002 34.911445
400455.246019 3863309.972503 34.907347
400405.473757 3861771.197764 34.893468
399730.096507 3860469.011389 34.881662
399204.751858 3859290.724032 34.870986
398007.175065 3859200.974053 34.870057
391246.311565 3857029.680686 34.849780
389284.725157 3856098.539058 34.841174
390433.530754 3856115.756412 34.841453
388318.984758 3855072.033543 34.831814
386923.886866 3854322.613446 34.824903
392590.560616 3856832.644801 34.848147
397333.732097 3857966.424417 34.858859
394030.775366 3856759.069728 34.847635
395427.976099 3856832.697433 34.848443
396589.016778 3856998.707135 34.850059
383907.344659 3852593.198269 34.808972
381065.232249 3852603.665856 34.808738
378335.568882 3850606.881478 34.790414
375216.065417 3846890.744250 34.756535
386374.568287 3852511.987714 34.808518
409037.073399 3876926.179447 35.030918
408029.067234 3875919.748638 35.021753
407156.638780 3874894.629151 35.012431
407951.032969 3873681.679385 35.001567
407393.613549 3872584.741171 34.991626
406924.515350 3871474.129177 34.981570
406492.458257 3870376.032677 34.971630
406228.777722 3869359.102632 34.962437
405334.444721 3868588.586081 34.955406
403124.589887 3864322.252298 34.916732
403907.434232 3865536.467562 34.927754
402803.131732 3863169.124706 34.906305
401851.996397 3862357.512541 34.898896
400923.394600 3860331.047973 34.880535
401607.425609 3861128.150060 34.887788
400319.462773 3859328.435073 34.871436
401299.354656 3859290.207703 34.871187
399835.366516 3858436.772362 34.863349
398786.290941 3857897.666316 34.858385
391587.153320 3855635.769826 34.837250
390048.746160 3854620.350646 34.827930
388353.210207 3853297.355549 34.815817
393174.374225 3855371.632932 34.835036
397803.936102 3856414.350209 34.844913
394797.669668 3855416.250249 34.835608
396318.155865 3855723.977661 34.838538
385459.614009 3849943.133717 34.785256
382190.873684 3849577.898814 34.781590
379968.011871 3846059.875131 34.749614
388118.742996 3850979.105963 34.794891
410564.175001 3877675.842305 35.037814
410201.226561 3876462.956735 35.026846
409431.426670 3875691.634237 35.019823
408647.376221 3874723.709644 35.011025
411570.211636 3878723.994673 35.047352
409321.836383 3873568.350610 35.000669
408670.301474 3872550.313094 34.991432
408120.971786 3871532.244801 34.982203
407654.469227 3870516.216839 34.973000
404722.298539 3866481.190330 34.936349
405740.594556 3867339.878789 34.944186
407277.092774 3869500.326563 34.963806
408206.686439 3869728.838836 34.965951
406877.213846 3868258.177070 34.952570
404270.569818 3864408.758721 34.917621
404023.976873 3863223.161252 34.906908
405080.881356 3865126.819134 34.924171
403250.846550 3862192.582981 34.897543
402677.701995 3861181.661752 34.888374
402178.620452 3859999.522479 34.877667
402151.436993 3858639.141982 34.865400
400923.854152 3858153.042963 34.860898
399942.468644 3857514.155151 34.855042
399376.592856 3856460.632056 34.845487
392029.345513 3853844.968738 34.821151
390334.254449 3852278.747354 34.806849
394010.707750 3853741.549119 34.820427
398757.407559 3855240.256390 34.834423
397466.300028 3854613.249601 34.828640
395823.998990 3854068.994561 34.823567
387756.148806 3848335.285025 34.771015
384409.723018 3845662.834082 34.746548
390434.558266 3849509.257587 34.781891
412919.263401 3879481.439418 35.054299
411971.546337 3877427.670326 35.035700
411293.910256 3876490.369964 35.027190
410679.539936 3875530.952172 35.018485
409994.308052 3874586.548270 35.009910
412926.417281 3878156.273847 35.042352
410611.534402 3873515.357585 35.000306
410056.527127 3872352.797486 34.989775
409177.872134 3871582.346240 34.982750
408905.108612 3870485.957280 34.972841
406061.493631 3865945.144800 34.931641
407102.272501 3866776.174884 34.939229
408202.967864 3868763.799316 34.957250
408993.791339 3869378.020521 34.962859
408254.394382 3867479.812821 34.945678
405215.967232 3863835.263015 34.912539
404285.412266 3862080.047776 34.896626
405217.345820 3862554.424909 34.900991
406307.578790 3864554.349390 34.919124
403862.867305 3861144.240495 34.888149
403314.499601 3860268.196532 34.880199
403276.580823 3859158.552668 34.870190
403101.532237 3857993.716196 34.859671
402128.675078 3857240.053750 34.852783
400790.248835 3856622.847454 34.847089
400179.243340 3855074.858808 34.833072
393020.906910 3851422.494371 34.799415
395217.862119 3852325.558662 34.807786
398960.983178 3853638.469653 34.820001
397133.301187 3852593.899686 34.810400
390357.874363 3845583.767225 34.746491
393019.236730 3848457.573699 34.772684
414319.068470 3880022.032790 35.059293
414111.452320 3878690.942673 35.047274
412464.797035 3876380.154359 35.026298
413009.807251 3877139.656288 35.033193
411882.216622 3875464.882816 35.017995
411274.164385 3874489.567409 35.009148
413976.251232 3877474.232711 35.036292
411204.619103 3872655.218220 34.992604
411817.757389 3873439.918906 34.999732
415704.440934 3880345.659587 35.062327
411273.128731 3871607.757178 34.983165
410136.456519 3870990.592994 34.977501
410045.562186 3869673.750386 34.965620
407415.403709 3865392.781192 34.926785
408264.590981 3866241.575561 34.934515
409608.664479 3868237.909606 34.952635
409470.699988 3866601.603530 34.937870
406395.455832 3863144.337192 34.906419
405072.049089 3861285.985235 34.889541
406311.254669 3861758.027094 34.893912
407676.315417 3863882.076975 34.913188
404576.758103 3859857.204294 34.876612
404336.662510 3858193.828937 34.861593
403614.316616 3856737.206899 34.848391
402190.709760 3855294.722819 34.835250
400999.498383 3853192.734980 34.816183
396100.447312 3849801.469993 34.785119
399230.128670 3851116.444670 34.797289
395182.007782 3845972.407906 34.750502
415374.975345 3879114.233335 35.051197
415152.757333 3877897.753875 35.040210
412921.275714 3875498.463084 35.018388
413710.054184 3876260.106802 35.025323
412659.652553 3874400.023363 35.008462
414947.038393 3876700.910796 35.029402
412264.155658 3872360.436037 34.990038
412892.429741 3873219.143629 34.997835
416563.412883 3881559.927353 35.073347
417114.513757 3880565.182759 35.064424
416621.066772 3879426.684212 35.054118
412616.500052 3871046.567496 34.978223
411360.559502 3870241.240663 34.970852
411268.828877 3868709.105674 34.957030
409080.244467 3864957.739090 34.923013
411024.459162 3867059.783730 34.942138
410591.867000 3865633.177003 34.929238
407644.304819 3862282.214462 34.898760
406178.664761 3860322.249929 34.880955
407359.724019 3860959.263113 34.886807
409214.933639 3862961.479904 34.905027
405996.034138 3858627.857495 34.865661
405454.778189 3856788.837081 34.849030
404473.521433 3854912.587646 34.832021
403149.451700 3853283.631392 34.817209
402286.405128 3850749.147094 34.794275
399900.175476 3846724.451502 34.757757
416341.083435 3878302.625019 35.043960
416165.759592 3877103.856910 35.033137
413889.656756 3874987.310169 35.013862
414761.574337 3875640.320886 35.019824
413940.101893 3873701.239308 35.002271
415915.847531 3875829.470064 35.021626
413780.524445 3872194.295324 34.988671
417648.666467 3881816.614509 35.075750
417351.881670 3878663.180735 35.047294
418309.952021 3880672.989314 35.065493
417839.502293 3879569.486934 35.055505
417782.304668 3882703.091525 35.083754
418489.846123 3884123.921672 35.096622
414197.729866 3870456.029962 34.973034
412822.920403 3869420.057045 34.963575
412750.849538 3867622.388368 34.947361
410927.977550 3863992.105894 34.914471
412455.971068 3865555.057888 34.928696
408908.206144 3860988.518067 34.887210
407756.221250 3859445.590582 34.873195
411052.629602 3861666.850444 34.893517
407673.206745 3857160.044386 34.852580
406634.912786 3855102.171208 34.833931
405797.138534 3852269.794786 34.808317
404641.395972 3847909.760872 34.768898
417380.075963 3877610.294649 35.037803
417257.763883 3876282.380254 35.025821
415345.317852 3874424.006064 35.008907
415073.033793 3872982.991943 34.995891
417017.634317 3874825.661095 35.012667
415479.757936 3871594.170352 34.983403
415743.600618 3870036.009480 34.969376
418842.402836 3881745.620493 35.075207
419352.718123 3880659.116483 35.065452
418577.690841 3878406.996215 35.045084
419061.944559 3879682.140045 35.056620
419223.274248 3883017.463372 35.086705
419733.160073 3884154.478104 35.096997
420343.689139 3885127.648678 35.105820
418806.371944 3885259.080197 35.106882
414743.139719 3868445.575939 34.954953
414189.762190 3866545.376655 34.937773
413172.258007 3863179.098627 34.907335
414534.714379 3864854.351933 34.922556
410421.580675 3858616.395314 34.865957
413670.808565 3860264.598178 34.881100
409775.852401 3854380.567483 34.827709
409617.951202 3849553.639727 34.784173
418586.263474 3876903.031889 35.031524
418481.005230 3875422.318656 35.018165
416819.460593 3873001.594741 34.996204
418286.403908 3873994.633536 35.005277
417264.189649 3870894.640960 34.977244
417033.164585 3868790.042552 34.958249
420154.710609 3881235.703547 35.070714
419988.893315 3882227.706978 35.079645
420394.642401 3879959.306080 35.059225
419927.018734 3877596.029118 35.037880
419897.168912 3878825.215324 35.048960
421128.565063 3880833.023477 35.067160
420503.010528 3883150.253005 35.088004
421032.820347 3884248.798772 35.097951
421525.627362 3885370.525778 35.108103
420620.413704 3886605.620518 35.119168
416464.141667 3866250.099784 34.935301
418744.679705 3867463.892936 34.946431
416391.551672 3862742.874584 34.903672
414114.157682 3856410.919414 34.846391
416872.569224 3858973.413904 34.869725
414172.032009 3851554.799821 34.802610
419894.029672 3876100.547258 35.024394
419843.953924 3874428.077084 35.009310
419270.002830 3872295.916346 34.990040
419239.162363 3869650.871678 34.966189
421082.346359 3876858.898655 35.031325
421221.072174 3881989.700708 35.077597
421642.942157 3879998.408462 35.059675
421524.569146 3878481.901565 35.045993
422229.449431 3880982.164025 35.068591
421818.869772 3883263.650246 35.089129
422272.555639 3884426.506344 35.099649
422626.852419 3885386.237636 35.108330
422257.456528 3886428.609127 35.117700
421374.769368 3867719.237761 34.948940
419612.161605 3864910.101904 34.923474
420414.347680 3860771.117331 34.886218
419772.551393 3854679.733705 34.831244
421443.609772 3875395.346856 35.018157
421688.654904 3873360.287623 34.999827
421748.261528 3870742.603526 34.976229
422622.505142 3876720.971775 35.030200
422724.019233 3882235.783074 35.079932
422937.482979 3879735.862113 35.057408
423692.534881 3878161.333497 35.043269
423722.656490 3881100.515917 35.069772
423159.732332 3883531.167489 35.091645
423471.434205 3884758.917230 35.102738
423607.189930 3885946.805152 35.113459
423631.854341 3887022.120137 35.123156
424621.181112 3869033.865952 34.961041
424283.449304 3864515.965526 34.920279
425553.478825 3858808.553328 34.868912
423530.175512 3874903.903969 35.013886
424295.898769 3872396.959467 34.991340
424461.915482 3876525.022385 35.028573
424192.342322 3882547.871144 35.082857
424812.709117 3879691.342004 35.057148
425796.095958 3877813.606597 35.040290
425439.961116 3881410.529997 35.072695
424479.168601 3883954.593183 35.095562
424683.078319 3885308.457844 35.107784
424972.404736 3886776.811838 35.121045
427518.520036 3871316.822504 34.981837
428506.155112 3867513.966234 34.947618
429901.976934 3862860.250616 34.905754
426668.453472 3875025.936993 35.015219
429691.653137 3873384.325583 35.000632
427853.514645 3877551.858427 35.038079
425628.536694 3883055.035511 35.087537
427287.534754 3879926.951110 35.059454
426996.111469 3882142.065818 35.079405
425739.877739 3884526.432708 35.100812
425828.341071 3885887.475425 35.113090
426812.717637 3886549.665237 35.119133
431328.038200 3870548.090539 34.975171
433383.596321 3866812.541908 34.941626
432743.714387 3873714.744108 35.003819
430199.833185 3876317.488260 35.027115
429315.679891 3878676.067420 35.048319
426923.782559 3883749.110028 35.093890
429645.422203 3880494.786433 35.064741
428440.816455 3881636.642717 35.074952
428256.091255 3883074.576954 35.087904
426896.358033 3885204.229526 35.107008
436124.833056 3870549.158019 34.975495
435585.084855 3874709.836952 35.012977
433533.580490 3876781.683681 35.031525
431592.257057 3879089.941408 35.052208
431217.486121 3881094.625009 35.070258
428025.752447 3884492.659469 35.100673
430018.812072 3882545.243519 35.083255
429131.333721 3883882.148764 35.095247
427835.628048 3885987.301248 35.114136
438776.098761 3874959.304250 35.015424
436747.170868 3877545.639792 35.038620
434333.458694 3879314.156476 35.054412
432900.359283 3880952.121016 35.069086
431930.679248 3882391.446562 35.081999
431284.002346 3883548.842581 35.092391
429111.397237 3885058.870099 35.105855
430244.703740 3884239.619391 35.098548
429127.781568 3886222.088396 35.116345
439912.868650 3877274.673832 35.036370
438632.947355 3879574.916274 35.057034
436456.334802 3880206.869520 35.062597
434771.184739 3881309.837359 35.072434
433557.077269 3882513.357702 35.083207
432606.386728 3883694.969806 35.093798
431619.382910 3884873.209299 35.104355
430303.288760 3885529.712036 35.110184
440980.747681 3879669.346678 35.058025
439763.937349 3881277.834294 35.072457
440333.815255 3882567.119595 35.084116
437936.593585 3881476.090945 35.074133
436316.712764 3882021.378223 35.078949
435063.193484 3882851.725085 35.086356
434070.678683 3883880.491427 35.095567
433176.525928 3884962.836847 35.105268
432439.182247 3886048.501484 35.115007
431281.594269 3886088.424124 35.115289
430248.875743 3886804.088730 35.121671
441704.980156 3881627.810137 35.075726
441183.657769 3883361.145296 35.091325
440022.004764 3883816.755178 35.095365
438994.554712 3882752.322412 35.085705
437455.087110 3883023.781643 35.088059
436217.891551 3883260.405426 35.090115
435445.633615 3884125.236672 35.097863
434575.261703 3885135.175695 35.106913
433748.263100 3886145.028433 35.115965
433012.068587 3887034.971622 35.123940
431797.251967 3887186.818018 35.125228
442545.572973 3884072.110523 35.097814
441311.877728 3884722.167045 35.103604
439852.176221 3885145.390432 35.107334
438455.917531 3884352.756137 35.100103
436808.832792 3884280.118337 35.099346
435937.935145 3885343.809919 35.108882
435072.529559 3886353.971613 35.117935
434213.996046 3887335.005081 35.126725
432861.665433 3888459.718291 35.136776
442805.387024 3884984.198820 35.106053
441951.571266 3885754.070545 35.112946
440822.731017 3885921.954486 35.114394
439782.277541 3886182.671109 35.116683
438718.236072 3885876.391263 35.113857
437340.545690 3885575.075661 35.111056
436384.812745 3886593.603494 35.120179
435574.899983 3887571.511538 35.128945
435014.575774 3888445.203527 35.136787
443156.634288 3886385.735145 35.118710
441661.195239 3886756.516653 35.121968
440377.295750 3886971.158668 35.123828
439140.957010 3886998.627128 35.124002
437737.579810 3887004.136088 35.123966
436645.392824 3887713.416834 35.130293
436118.032772 3888988.120545 35.141753
443390.473228 3887291.583554 35.126891
442511.180583 3887634.395869 35.129932
441147.785377 3887872.100184 35.131997
439708.868948 3888095.348678 35.133925
438521.484667 3887862.324027 35.131752
437411.692792 3888409.896483 35.136620
443711.658309 3888706.987047 35.139672
441999.337310 3888793.758064 35.140357
440628.869025 3888981.745468 35.141972
439537.389789 3889178.023811 35.143676
438608.337060 3888803.814991 35.140246
442638.674008 3889669.284935 35.148288
443958.854952 3890109.672450 35.152333
444379.270382 3892992.544967 35.178350
441357.895621 3889898.403390 35.150280
440021.961115 3890053.122409 35.151596
438718.942760 3889956.254692 35.150644
442165.704416 3890837.892207 35.158798
442916.364996 3892172.385935 35.170873
443491.842116 3893669.261279 35.184402
440692.888957 3891054.922606 35.160669
439195.849955 3891249.676542 35.162335
441429.699451 3892123.096906 35.170343
442072.821859 3893302.244112 35.181012
439986.301334 3892167.698897 35.170660
440744.130713 3893203.787471 35.180047
