Node Number = 2533
406709.609705 3950584.820697 16.941733
408889.734070 3950172.978230 16.081939
410632.456809 3949070.267507 14.381908
419134.260857 3940979.137564 0.370235
404806.306591 3949855.614736 17.746247
406920.732115 3948589.136340 17.120280
409058.641009 3948007.849106 15.722944
410657.611192 3947308.464542 13.923243
412802.594760 3947487.445897 11.313600
389885.759860 3948271.830297 4.218014
395827.095760 3947317.918147 20.748378
395056.469745 3947543.805710 20.019094
394268.892815 3947764.975138 19.199196
414750.734926 3945962.576870 7.033257
416145.350239 3944441.089206 3.573006
417571.329602 3942958.154781 1.345980
417142.883361 3941270.722950 0.724692
417466.557135 3939873.449088 0.275064
418630.789554 3939026.997273 0.157323
420411.342304 3939060.786335 0.169913
420942.289852 3937451.490061 0.168782
421046.513373 3936454.342564 0.179448
403388.613776 3948846.938421 18.789706
404976.791486 3947870.705362 18.323634
406247.415675 3946934.551093 17.938160
407756.663730 3946698.453618 16.879581
409494.670094 3946208.450982 15.044575
411299.749470 3945768.817251 12.171392
412972.909017 3945390.047181 8.942173
390537.737675 3947826.911060 5.846161
390633.616673 3947137.647965 6.792661
390042.845712 3947401.011841 4.852256
389011.088391 3947242.663754 4.123867
386473.406189 3945202.881147 2.217598
385836.755176 3944057.617902 2.160201
385840.759628 3942953.019214 2.597342
393589.640535 3947268.896427 17.861999
396556.706345 3946720.720982 21.346940
395733.808888 3946518.522392 21.108897
395035.098936 3946752.669981 20.469078
394237.108536 3947027.719331 19.315632
414098.108680 3943976.653920 5.612648
415515.561410 3942217.471053 2.285700
417395.604081 3938524.431421 0.145781
416026.798416 3940325.865970 0.784842
416468.940480 3939113.953191 0.286012
418190.818524 3937931.556452 0.127405
419186.106090 3937793.009053 0.145219
420191.248156 3937256.961530 0.166806
420216.555491 3936235.560787 0.179986
420833.448598 3935508.796120 0.187814
420168.268999 3934886.081649 0.191179
417393.915237 3937378.232173 0.126897
420254.757465 3933779.023573 0.195068
402034.957996 3947808.274949 19.804977
400692.780765 3946288.794807 20.641432
406580.465359 3945447.491502 17.974696
403495.311840 3946931.259410 19.385966
405002.413604 3946067.310847 18.878686
408238.113409 3945003.774196 16.353751
407028.122674 3943838.742789 17.497699
409957.296702 3944463.895434 13.592664
411913.345535 3943755.219369 9.238305
391402.730775 3947283.343173 9.829366
392453.368981 3947490.029811 14.786771
391038.742217 3946650.947918 9.235797
390146.028419 3946526.102694 6.586954
389131.819404 3945984.621762 5.151054
387560.603642 3946002.934999 3.409305
387330.712504 3944491.650912 3.246380
386954.483840 3943339.115345 3.501966
386555.093055 3942592.978410 4.561559
397087.598708 3945946.526713 21.940702
393271.590478 3946651.906317 17.486560
396094.968784 3945877.414689 21.697288
395155.154012 3945923.980892 21.163899
394200.906052 3946184.212178 19.832751
413290.738482 3942094.276871 4.947253
414333.699186 3940456.436854 2.117307
416222.547508 3937822.649245 0.210224
415233.186270 3939023.576956 0.690809
418347.662132 3936935.252947 0.138144
419344.700722 3936546.756993 0.163288
419666.880607 3935411.068147 0.182430
419706.123089 3934318.414323 0.191132
416696.196729 3936742.426214 0.128118
417510.684794 3936313.271237 0.130288
419421.302951 3933650.730567 0.192782
419559.896387 3932833.002184 0.192432
415663.155382 3936382.928418 0.167265
397281.266748 3945234.122347 22.433959
399788.088430 3945198.088460 21.184187
402064.606765 3945917.089763 20.364313
400876.807886 3945190.322608 21.047128
405210.030829 3944142.617149 19.034005
403504.492970 3945077.731456 19.930910
408611.485446 3943366.129988 15.251048
406063.182687 3942674.949922 18.120828
407465.474591 3942397.982795 16.408140
410186.454512 3942681.587626 11.713516
411588.196283 3941912.115595 7.875810
392002.844163 3946358.007157 13.625832
391008.503402 3945949.753565 10.501619
390155.635997 3945316.306768 8.843891
388785.731774 3944835.365997 5.943830
388373.262673 3943512.350703 6.523232
386324.727166 3941719.919636 7.488383
385922.896059 3940035.547654 10.730347
387790.335750 3942427.386791 6.646747
387275.462526 3941638.599693 7.313876
396531.165094 3945110.052521 22.388017
393145.679464 3945582.810722 18.114650
395505.342552 3945044.840108 22.083099
394360.771975 3945166.389971 20.923880
386721.895461 3938653.048091 14.192361
385559.594094 3938317.659316 13.288384
412295.532870 3940248.473968 4.618587
413640.336425 3938829.568804 1.650194
414706.830638 3937593.372560 0.502736
414257.660113 3936225.810110 0.318297
413935.388529 3935076.230410 0.192273
418459.736195 3935648.881928 0.157715
418939.321804 3934733.212325 0.179067
418930.900481 3934044.769114 0.185204
416690.687264 3935815.188906 0.124862
417475.929386 3935359.813352 0.139504
418654.806879 3933278.534972 0.184259
418600.354333 3932313.629350 0.185115
416012.576640 3935314.061819 0.119973
415055.591199 3935167.320844 0.131106
414530.036058 3934477.363465 0.109863
397146.692830 3944389.798642 23.018728
397957.307034 3944645.250392 23.181947
398722.451309 3944320.383881 23.055938
400055.330238 3944341.292632 21.677126
401783.182578 3944206.580562 21.017030
404820.129598 3942690.667197 19.227292
403471.393602 3943202.110453 20.191897
405265.198572 3941544.309823 18.250926
408793.469840 3941811.268409 13.650992
406590.176581 3941435.726773 16.703414
407706.426387 3941261.423417 15.013444
410254.897756 3940781.432462 9.187769
391699.295894 3944897.570906 14.733900
390162.456691 3943704.769062 11.879732
389215.888192 3942276.243170 11.486605
387339.343849 3940247.550384 11.420447
388367.920373 3941205.330376 11.190861
396071.091199 3944167.765859 22.997836
393338.656118 3944239.120270 20.055582
394818.870368 3944023.641883 22.425733
387951.335907 3938682.886483 17.482559
387289.791227 3937631.374603 18.750214
386268.372785 3937003.522127 16.938328
410912.193428 3939286.314771 5.632692
412048.688015 3938379.944588 2.858085
413224.134623 3937276.101450 1.030820
412960.891115 3935859.229057 0.587456
412933.222431 3934613.348251 0.288280
413874.945711 3934114.519046 0.120611
413122.574331 3933550.364768 0.133617
412430.355620 3932875.165208 0.129306
417932.943185 3934243.061433 0.161461
416785.614476 3934778.792789 0.129356
417483.416312 3932586.208160 0.168268
415867.856756 3934426.198874 0.114811
415122.486125 3934268.886958 0.104502
414661.766784 3933759.941068 0.097121
396713.167509 3943546.346504 23.532088
397595.007587 3943619.366448 23.431912
398380.424446 3943779.266502 23.199812
399296.663304 3943618.560358 22.747494
400582.246568 3943135.859497 21.973640
401927.378972 3942582.290816 21.169082
404090.852818 3941889.590342 19.521642
402963.674205 3941825.904270 20.328023
404425.697333 3941064.260684 18.737144
404972.471405 3940602.174827 17.662004
405893.900870 3940453.092411 16.297648
408536.127672 3940379.459748 12.098261
407146.891155 3940282.877634 14.318096
409472.340840 3939151.493653 8.075692
392081.282949 3943132.810042 18.737070
390826.136006 3941963.445064 17.601153
389775.255533 3940844.590564 16.968693
388811.288163 3939797.924589 16.756099
389190.426493 3938444.717513 22.155848
395711.264422 3942892.130529 23.827955
393926.068439 3942631.946794 22.922682
389553.779430 3937387.185143 26.209869
388355.291502 3937322.975878 23.197739
387151.999848 3936494.607477 22.997284
387561.075645 3935796.467540 26.495125
386831.783003 3935785.927201 25.932859
410489.498838 3937870.563607 4.371878
411730.420509 3936769.088199 1.818157
411684.540189 3935195.127726 0.942474
412021.022707 3933884.863775 0.349485
411468.518312 3933064.830331 0.287735
410614.725016 3932504.671726 0.329098
410884.545298 3931444.311275 0.114305
410298.795801 3930864.525714 0.094584
411789.586838 3932048.994465 0.114497
414066.710150 3933210.010902 0.090217
413409.220889 3932604.467124 0.081676
412771.226365 3932097.644215 0.075189
416733.733964 3933514.617405 0.129934
415497.194278 3933513.682767 0.104928
414879.250330 3932975.294069 0.092458
400811.404664 3941761.377642 21.868495
397041.738224 3942662.811532 23.962017
398330.712226 3942692.872016 23.454755
399619.548288 3942305.405637 22.753038
401952.366164 3941362.283503 20.879074
401253.413615 3940849.477704 21.198694
403599.071686 3941010.513393 19.381599
402740.968905 3940908.868725 20.007432
404200.882304 3940274.819902 18.037918
405076.674991 3939674.495946 16.079587
406312.023592 3939179.205644 13.432239
408798.584601 3937602.969291 6.495661
407842.711877 3938988.659486 10.666694
392535.160667 3941360.611499 22.959107
391186.842972 3940462.145576 22.183159
390243.503061 3939362.827431 22.524000
390227.324314 3938114.771409 25.917888
390324.872651 3937336.837992 27.940169
396342.843316 3941657.219730 24.701763
395065.035571 3941555.617897 24.882955
393932.170951 3941220.316966 24.870393
390068.713706 3936653.620736 28.706519
389156.034570 3936450.359534 27.543935
388193.608713 3936170.013906 26.489722
388092.487598 3935453.861640 28.223617
387535.522709 3935078.006380 27.850425
409974.757398 3936034.042825 2.888735
410486.959481 3934010.629044 0.981426
408221.982751 3936237.218706 4.964758
409233.886867 3932838.020771 0.832107
409824.889517 3931621.513260 0.246382
409389.890397 3930532.723125 0.131716
409741.839190 3929565.516720 0.063221
410358.112125 3930132.883142 0.064277
411742.745268 3931035.031536 0.064980
411036.537891 3930591.307469 0.062587
412615.025751 3931321.554327 0.063966
414452.541090 3932255.623156 0.080836
413611.960560 3931638.165612 0.067650
415718.088326 3932137.325459 0.096447
399872.102947 3941328.218191 22.556854
400472.797129 3940766.404778 21.852578
397557.423148 3941569.194815 24.201274
398824.187422 3941295.820118 23.356783
401013.162048 3940111.455520 20.937225
402017.369026 3940245.977734 20.043612
403172.357594 3940099.784946 18.808346
403959.033400 3939197.854098 16.604038
405121.754660 3938340.068908 13.398206
406790.258261 3937336.403770 8.864063
393461.318124 3940241.347327 25.854054
392332.286990 3939872.821003 25.491607
391408.691271 3939368.928913 25.214617
391104.700641 3938507.075562 26.555150
390946.655081 3937650.145234 28.097459
390827.889094 3936878.541752 29.147001
390629.632633 3936202.346172 29.796088
395804.598247 3940620.107678 25.526161
396877.007697 3940643.715909 24.937772
394673.278494 3940312.289030 26.035914
395504.538556 3939785.662104 26.150820
389920.070612 3935666.571738 29.856123
388844.765362 3935501.974133 29.090453
388327.470692 3934722.915848 29.788300
408411.336703 3934553.465696 2.603879
407135.073154 3935659.592190 5.191693
407537.933857 3932793.227123 1.459209
408527.495260 3931545.064423 0.452779
408219.782034 3930430.489099 0.211851
408758.331822 3929569.329475 0.087852
409318.413286 3928861.209450 0.055854
410496.399006 3929447.900541 0.053070
410129.896706 3928849.188893 0.051823
409714.633581 3928345.099428 0.050854
411185.226411 3929795.465795 0.053060
412380.975681 3930528.414161 0.055645
411749.808986 3930275.743904 0.053968
413393.694214 3930581.253014 0.060061
415030.106852 3930968.707263 0.072187
399632.572110 3940512.222357 22.514564
400254.119879 3940035.798261 21.653869
397928.045173 3940462.987750 24.126902
398828.922825 3940200.126922 23.219501
401472.537899 3939429.310151 19.815748
400608.734048 3939341.895454 20.713828
402516.812370 3938960.891903 17.930235
403665.739751 3937837.372197 14.383112
404926.879425 3936815.520730 10.337577
405963.090565 3935868.817133 6.901932
394069.468775 3939518.091989 26.811416
393225.574329 3939164.195404 27.057980
392176.131719 3938639.942117 27.309495
391625.918307 3937906.011581 28.183851
391569.232189 3937157.735111 29.061110
390903.246685 3935542.418298 30.368459
391428.228550 3936270.666950 29.829766
396364.886415 3939766.349813 25.565952
397264.247552 3939786.629661 24.776192
394875.813911 3939245.137492 26.735011
395804.128461 3938984.540654 26.212393
391299.919753 3934861.934307 30.662990
387726.380335 3933921.891946 32.100922
390459.166948 3934767.218677 30.860710
389378.925905 3934548.280901 30.836453
388578.554753 3933901.142276 31.505007
406288.754713 3934302.342333 3.894173
405807.539924 3932466.230104 1.894251
406958.589122 3931054.778727 0.598488
407464.610014 3929450.771160 0.149580
387326.751277 3933191.809229 32.286125
409150.343293 3928262.764261 0.052074
408415.430196 3928575.479315 0.063603
407483.542669 3928375.921301 0.068093
406457.706778 3928444.680329 0.089094
409533.347014 3927773.411628 0.050333
411066.925257 3928896.534278 0.051158
410441.180215 3927978.991380 0.050400
412403.600195 3929428.594983 0.053572
414320.430773 3929602.429976 0.059256
399543.324501 3939447.106211 22.056526
398216.483824 3939282.631525 23.606194
401206.616632 3938486.467297 18.987957
400162.658476 3938541.390295 20.480431
402124.049070 3937429.877036 15.860157
403345.948923 3936280.452079 11.492923
404674.459030 3935230.504674 7.249106
394111.351457 3938627.609742 27.379676
393202.889296 3938085.556310 27.982142
392332.865073 3937575.247117 28.607210
392253.832994 3936665.912172 29.339122
391682.450262 3935485.900739 30.245521
392131.305822 3935961.957959 29.815481
396934.817717 3938777.600560 25.045978
395092.129761 3938242.778455 26.918850
396052.582291 3938089.891968 26.023689
391932.152232 3934924.661559 30.320269
391037.373381 3934132.568330 30.993992
391785.128339 3934318.935422 30.508913
388261.455979 3933056.091688 32.054239
390215.463601 3933851.694676 31.327615
389306.974455 3933426.686622 31.653704
390875.570637 3933421.339374 31.136703
404491.850398 3933545.292940 4.288309
404374.276569 3932109.092220 2.287177
405193.860641 3930993.141706 0.933681
405958.906793 3929705.098666 0.289063
387533.409179 3932556.412089 32.228027
386685.069746 3932724.976837 32.285144
388185.472895 3932006.039008 31.871977
380594.079728 3928798.267375 15.927372
379800.474604 3928772.548247 11.564603
405217.214741 3928611.593167 0.152532
405669.409854 3927864.754590 0.067241
408769.901322 3927758.688205 0.051546
407962.892054 3927749.874007 0.053199
407117.068783 3927658.930783 0.055382
407607.554406 3927148.193999 0.050779
406293.173184 3927445.971349 0.054986
409173.545992 3927208.553447 0.050178
409950.474228 3927086.479572 0.050111
411745.201692 3927879.280999 0.051226
410947.778755 3927023.172921 0.050366
413386.468884 3927870.187747 0.053329
399099.775547 3938215.934054 21.720203
397916.253740 3938088.355488 23.464312
400354.863743 3937215.710473 18.422740
401654.316648 3935798.834298 13.363254
403030.265088 3934571.103983 8.250956
394202.237824 3937510.078677 27.736160
393169.194042 3936996.471650 28.643899
392892.168226 3936033.531136 29.248629
392399.852472 3935353.856004 29.861893
396925.130806 3937445.093887 24.618718
395506.676497 3936999.605874 26.427060
392493.409919 3934602.738976 29.884806
391588.991884 3933574.399048 30.638165
392358.921047 3933817.405748 29.956524
389172.661861 3932388.871552 31.664037
390234.777811 3932814.227285 31.335160
391301.243488 3932733.896007 30.626016
402775.747886 3932593.053919 4.902859
403602.397928 3930948.075920 1.774518
404461.439149 3929676.016365 0.549994
389041.677744 3931247.495188 31.097447
387208.299252 3931803.246866 32.026324
386316.387357 3931870.526571 32.084936
387895.341975 3930984.296889 31.315367
385363.558848 3931272.512085 31.768315
381440.490399 3928971.877727 22.903086
381024.278687 3928048.643047 20.159476
380035.402934 3928070.303641 13.436198
379089.776213 3928406.703273 10.189697
404857.242475 3927671.391479 0.085269
403898.561832 3928307.884434 0.307060
404120.878352 3927336.774125 0.096012
405521.699077 3927150.243458 0.054084
408383.850642 3926982.149393 0.050331
407676.403324 3926561.027749 0.050122
406897.551805 3926789.071301 0.050667
406095.599418 3926768.266136 0.050693
409230.154639 3926442.124371 0.050057
410376.836478 3926092.777131 0.050178
412225.262648 3926078.553942 0.050853
398405.086703 3936720.726973 21.411346
399831.540200 3935317.380052 16.255644
401239.274165 3933979.059204 10.395896
394131.195847 3936108.709772 27.966799
393267.629279 3935114.448217 29.007119
396735.379060 3935994.721796 23.981054
395408.063717 3935606.396714 26.119990
393216.768472 3934087.238142 28.950487
392175.710061 3933022.355465 29.881962
392893.506968 3933298.880216 29.124211
392010.225059 3932331.493675 29.698055
390005.613788 3931782.896956 31.021540
390765.916434 3932094.425001 30.749396
391457.509075 3931879.200706 29.999816
400780.732298 3932172.599993 7.828833
401911.419260 3930826.908240 3.579889
402897.676931 3929490.691464 1.306547
402446.890987 3928076.763762 0.876383
389988.202794 3930890.532257 30.371441
389409.188064 3930422.750817 30.222276
388635.256432 3930257.315800 30.316518
386634.119491 3930677.396312 31.430226
387667.213101 3929914.517466 30.200102
383656.773943 3930430.852745 31.035796
382306.840304 3929513.316468 28.525129
385292.432398 3929602.625158 31.082182
382222.828012 3928084.956286 27.747228
380431.577069 3927205.305902 18.464111
381421.269538 3927161.332089 25.802505
378143.748526 3927807.101494 9.527767
377092.562803 3927370.304322 8.856228
379272.206824 3927190.521651 12.653146
379976.133509 3926455.332322 18.312111
375263.429492 3925730.781935 7.290624
404715.701713 3926757.252626 0.055935
403288.579513 3927292.328118 0.200010
403844.317532 3926655.111314 0.070059
402339.935910 3926936.528018 0.389620
401681.680989 3926429.841134 0.482386
405499.056946 3926393.939437 0.050614
408266.506196 3926006.741437 0.050061
407226.547161 3925879.076311 0.050166
406266.512763 3926062.183968 0.050240
409229.717007 3925276.241838 0.050132
410677.610591 3924650.464187 0.050287
397972.634443 3934768.557272 19.850649
399363.085114 3933422.032847 13.897468
394472.381274 3934500.824631 27.067813
396194.675978 3934428.399001 23.645229
393814.747190 3933189.317617 27.521021
392901.381864 3932378.183466 28.455881
392215.283262 3931643.927290 28.875167
390830.440121 3931261.996500 30.070782
391621.940127 3931209.567753 29.234513
399048.301811 3931566.590081 11.462137
400346.559774 3930648.559249 6.392387
401065.338243 3929108.979003 3.390194
401191.260566 3927324.539749 1.571389
400183.902710 3926758.344521 2.617990
390598.682577 3930517.733273 29.581087
390043.616382 3930110.451823 29.543045
389337.193452 3929608.042933 29.251643
388460.923804 3929366.948475 29.092262
388999.007397 3928934.042216 28.308952
386695.556798 3929294.416555 29.728362
387682.089093 3928906.936461 28.292364
385937.172335 3928475.529490 29.126976
383760.217210 3928679.837921 30.707329
384999.540909 3928388.354479 30.466791
382312.195908 3926900.693600 31.532702
383294.485975 3927319.344295 31.663342
380860.162475 3926305.884447 25.414964
381676.532301 3926422.675169 30.719590
380825.613768 3925526.391160 28.980150
380149.799577 3925693.225220 22.913626
376257.939832 3926313.052963 8.058197
377116.123201 3926280.901569 9.243003
378061.869396 3926507.351915 10.951461
379166.920218 3925881.846931 16.248899
375931.904443 3925457.203305 7.754286
375207.211123 3924902.927943 7.610220
400884.515040 3926133.672497 1.009405
399952.993167 3925909.020678 2.450302
400485.537245 3925471.664278 1.143539
404914.472068 3926038.501814 0.050947
404252.236873 3926054.956363 0.052966
403080.876545 3926441.077765 0.106504
403607.634304 3926048.389035 0.059304
402350.331183 3926054.799204 0.161648
401642.373667 3925699.765888 0.291838
405480.365847 3925587.296211 0.051155
407852.355320 3924900.024904 0.050536
406399.942163 3924955.599712 0.051759
408974.810373 3923565.674572 0.051214
397305.999851 3932728.690196 18.590721
395273.619562 3932971.720955 24.239599
394130.801856 3931899.324279 25.706956
393069.396901 3931262.221538 27.105901
392231.236365 3930803.019171 27.945754
391375.227756 3930459.776356 28.670832
397566.482655 3930860.121077 15.087099
398926.991576 3929568.106658 9.153968
399736.560525 3927828.010332 4.894401
399154.183614 3926596.638650 5.136667
399086.779002 3925498.454177 4.535346
390755.923918 3929865.986475 28.647011
390172.501066 3929357.763366 28.462568
389639.868663 3928807.179223 27.921596
388444.776764 3928580.967274 27.499773
389112.270950 3928307.137319 27.049301
386960.313785 3928189.751043 26.658844
387863.742845 3928095.171433 25.937205
386861.101089 3927428.770338 23.718226
386215.956899 3927614.204704 26.028195
385459.259869 3927764.008062 28.584069
382248.818857 3926068.455293 34.473107
384548.599565 3927419.936114 29.881240
383009.238449 3926347.549001 33.843322
383913.827340 3926483.339574 31.312931
381540.203560 3925677.093906 33.072043
381149.576646 3924979.165086 33.540405
380428.320582 3924976.656577 28.187584
379641.630936 3925013.368899 22.033851
376706.322063 3925538.567422 9.163507
377461.895614 3925675.339165 10.759860
378179.635817 3925345.725826 13.669764
378887.158351 3924967.636179 17.630601
376224.579278 3924800.784697 8.895035
375693.501595 3924319.554812 8.608545
401053.840123 3925342.692316 0.507411
400613.278543 3924977.501129 0.916411
399923.041949 3924995.496515 2.202827
399101.566724 3924610.487839 4.184750
404625.001583 3925399.133723 0.054636
403806.283215 3925431.438473 0.060388
403054.454166 3925659.423078 0.076740
401581.229414 3925075.424350 0.254709
402302.663242 3925162.271390 0.141235
405177.211621 3924674.565909 0.059625
407016.635701 3923717.184366 0.055271
405779.945565 3923869.199832 0.062016
407445.289583 3922642.437826 0.058058
398544.059126 3924255.981435 5.650359
395723.152983 3931084.295623 20.825418
394002.539559 3930510.580385 24.280163
392935.144058 3930338.491573 26.175142
392170.411204 3929904.260700 26.777941
391417.974122 3929656.024373 27.535966
396828.027766 3929353.380446 15.343130
397897.667748 3927611.930957 9.986868
398067.222514 3925974.343247 7.918431
398321.671693 3924904.912287 6.496395
390927.529863 3929094.266971 27.245737
390330.877822 3928660.762161 27.162059
389887.371490 3927975.418536 26.083505
388550.629324 3927875.663048 25.716210
389151.975918 3927669.647144 25.561341
387466.578545 3927513.413560 23.644289
388078.069899 3927504.402386 24.049501
387179.793572 3926921.374971 21.408405
386482.858882 3926905.166031 22.490982
385595.015176 3926922.120295 25.429883
382181.250358 3925460.905426 36.274953
382773.478528 3925601.909889 35.658786
384817.890181 3926382.820577 27.125255
383512.616657 3925711.679672 32.999559
384300.121636 3925718.862039 28.681470
381839.473982 3924976.302187 36.617899
380778.854880 3924346.148497 32.800448
381484.980297 3924372.482836 36.626943
380024.444108 3924301.734378 27.083776
379193.144625 3924259.228423 21.336964
377245.489480 3924704.239574 11.899720
378254.439355 3924338.103227 16.431786
376563.057464 3923882.372710 10.811165
398437.863766 3923788.118044 5.871823
398113.926387 3923483.444202 6.603462
398073.118226 3923020.546667 6.538661
401116.109993 3924698.192352 0.537365
400487.861421 3924379.514013 1.302469
399733.279775 3924121.976238 2.705152
399000.565839 3923886.219460 4.423884
404119.432447 3924608.166844 0.083499
403178.931511 3924818.672630 0.101900
401791.159478 3924474.259818 0.320196
402520.164959 3924353.701758 0.202075
404658.544462 3923628.203963 0.104484
405647.345086 3922370.645349 0.087811
397858.622635 3924090.228698 7.420466
397527.878945 3923293.611290 7.847608
394954.551441 3929267.010721 20.270352
393202.137132 3929212.507013 23.821027
391860.781499 3928955.913205 25.632737
395899.386619 3927729.480216 15.729935
396671.259173 3926234.274053 11.991712
397271.772483 3925000.126547 9.413903
391027.125815 3928069.270010 25.073260
389556.651973 3927093.359195 24.173881
390392.821228 3927220.747570 23.991702
388652.942139 3927096.731720 23.638873
387856.464629 3926941.090189 21.989648
387517.503005 3926428.211508 20.215287
386894.251426 3926311.672877 19.961010
386151.037635 3926232.952888 21.188566
385489.515759 3926135.935370 23.188174
380446.230559 3923683.433363 31.441240
382504.277712 3924980.821653 36.847560
383184.666688 3925042.131288 34.504366
385060.259226 3925616.858566 23.999598
383894.362752 3925076.389846 30.413926
384601.771449 3925042.189680 25.620282
382176.559643 3924387.421434 37.532836
381139.569819 3923763.507196 35.799610
381825.842440 3923782.434493 37.677929
379658.474638 3923531.676627 25.805946
378692.702901 3923402.982626 20.397235
377328.464704 3923348.995204 15.607953
397657.855072 3922560.283590 7.256487
398672.156659 3923224.763175 5.236359
398393.770971 3922540.683615 5.744657
401169.291513 3923939.837501 0.832942
400372.177011 3923544.180982 1.872806
399514.463715 3923316.071510 3.411094
403270.594847 3923697.176026 0.239128
402057.489133 3923616.230440 0.521125
403956.772673 3922549.764908 0.255708
397236.913407 3921885.396365 7.747275
396793.177980 3923905.557934 9.752739
396670.553571 3922701.721548 9.261650
396454.523963 3921747.062903 9.039687
394072.027237 3927712.371557 19.623263
392419.479971 3927799.373841 22.526871
394972.777863 3926198.509123 15.621482
395918.675980 3924891.697322 12.305176
391371.015772 3926778.687454 21.936519
389132.878939 3926410.602357 22.503221
390121.930864 3926187.137566 21.953843
388243.910634 3926182.495324 21.084729
387413.098627 3925784.489550 19.445137
386621.219909 3925597.929179 19.295878
385823.377807 3925524.992215 20.712968
374822.647018 3919417.127700 1.296166
374252.152601 3918238.800786 0.605184
375379.195944 3919892.042275 2.496975
380230.300268 3922939.416241 30.425399
380845.728701 3923218.207110 34.466837
382870.232973 3924416.334318 35.710640
383553.028182 3924465.735810 32.055432
385328.884368 3924896.447011 21.756544
384213.969130 3924477.827194 27.536807
384813.029529 3924466.839510 23.712619
382534.548471 3923796.233934 36.677496
381455.778111 3923178.415138 37.005306
382163.612659 3923196.628891 37.343219
379364.013725 3922603.395377 25.230074
378357.677900 3922336.711171 21.158405
380110.584965 3922073.579638 30.434746
398044.898049 3921919.856655 6.251536
399171.390098 3922538.364303 4.264969
398743.203679 3921980.375776 5.037887
401190.953783 3922926.776229 1.356341
400137.218047 3922581.052828 2.706654
402402.765096 3922305.824299 0.820340
396894.434989 3921146.764851 7.759558
397699.226130 3921236.807134 6.500938
395958.740385 3920937.341876 8.998884
396670.166573 3920516.025809 7.443570
395511.552089 3923456.206309 11.731728
395511.961871 3922064.201728 10.666741
392983.794582 3926067.890813 18.580488
394291.499143 3924555.897724 14.649163
391280.954479 3925328.063628 19.417781
389088.961769 3925493.411128 20.907353
390030.221484 3924985.393570 19.989411
388045.521053 3925123.104882 19.817122
387156.182244 3925063.639951 19.121484
386289.359647 3924669.937931 19.661267
375782.328054 3919098.445295 2.736233
375084.395858 3918521.495626 1.059015
374922.416014 3917808.323078 0.764789
374343.247991 3917072.119504 0.654261
376237.976717 3920207.278769 4.948060
376841.759405 3919262.815640 6.491280
380956.760661 3922526.320555 34.944881
383268.316319 3923825.743733 33.294872
383886.616701 3923956.064542 29.451849
385385.513115 3924057.979306 21.669776
384535.007162 3923859.814980 25.400905
382902.725555 3923168.928505 34.822200
381803.139254 3922583.475744 37.277981
382459.633633 3922670.370847 36.460608
380769.935999 3921791.515981 34.504599
379134.324535 3921336.170290 26.627235
380208.115576 3921244.809319 31.658727
394592.981621 3920924.639497 10.844680
395397.762733 3920151.901799 8.935727
398538.422419 3921315.693690 5.239831
399567.548526 3921587.366201 3.835393
401006.792564 3921573.759563 2.288714
397347.025069 3920558.072385 6.503399
398133.659655 3920595.171389 5.499013
396189.348195 3920011.025374 7.590642
396961.291226 3919926.999709 6.430915
393883.412951 3922618.572371 13.213954
392478.793913 3924103.062789 16.420562
390699.950280 3923846.637782 17.974548
388959.281720 3924071.946103 19.361928
387411.706444 3924142.848712 19.423558
386298.638395 3923405.959704 20.469030
393063.944091 3921024.828038 12.760288
376467.906553 3918343.678345 4.374292
375642.409811 3918044.870184 1.905639
375289.854885 3917164.411485 1.423227
374766.723847 3916339.489688 1.213601
377536.067407 3920288.937192 9.964017
377258.143558 3918481.420055 7.959579
376975.246000 3917841.657476 6.278828
377768.111084 3919157.310885 11.472469
381481.837313 3921899.776286 36.911508
383862.759745 3923151.258726 29.545391
385048.140742 3923049.035406 23.872171
383127.481614 3922373.446733 33.449390
382301.206672 3922029.441196 36.558352
381092.365520 3921213.172419 36.089065
379518.069575 3920503.334659 27.785677
380623.376363 3920551.245526 34.065509
375149.504171 3915939.315173 1.806597
393709.853727 3920038.972812 11.110578
394625.220037 3919637.052543 9.426102
395622.536008 3919249.576275 7.485376
399041.987363 3920574.723645 4.396773
400333.841924 3920547.884364 3.316902
397723.368701 3919926.761011 5.557056
398451.918246 3919959.086645 4.793725
396525.589825 3919284.416467 6.319298
396185.552592 3918709.698291 6.040708
397312.243664 3919265.794245 5.444315
391733.146382 3922201.917613 15.271728
389717.320129 3922389.952186 17.559940
387721.258547 3922522.811938 19.403963
385935.864546 3921993.472155 22.161036
392639.017795 3919742.788099 12.126033
391825.256963 3920622.468020 13.816648
392380.105859 3918570.625881 11.318128
376307.546118 3917332.985637 3.923353
375756.742370 3916388.830736 2.690270
378597.268361 3919781.964122 18.508255
377885.235626 3918427.380479 11.620665
377610.598577 3917855.770881 9.692611
377232.024310 3917194.502853 7.904194
378490.185712 3918701.482990 15.986929
381967.613601 3921254.841408 37.122343
384271.034722 3921825.994279 27.989471
382967.529530 3921394.859015 34.096741
381503.300846 3920536.969075 37.355533
379606.354727 3919602.356455 25.719538
380347.768841 3919825.573717 31.855233
381070.636170 3919983.763677 36.377838
385277.090771 3920389.658310 24.222608
385371.813997 3919152.613916 23.072698
376224.198254 3915822.291953 4.399430
375770.721444 3915770.361363 2.988819
393628.086489 3918865.735524 9.855541
394800.082194 3918591.684206 7.767875
395634.187066 3918361.434106 6.247903
396262.889354 3918109.617478 5.096804
400532.233079 3919250.489171 2.611847
399226.506155 3919443.331101 3.650874
398134.069146 3919255.540852 4.622406
396882.570019 3918543.516580 5.070532
397646.560237 3918657.636668 4.517437
396785.041104 3917834.924438 4.133468
401367.564466 3917647.706413 0.687774
393091.933473 3917790.163324 9.179011
392249.319317 3917666.969443 10.401507
390463.319499 3920808.674319 15.584764
388726.988427 3920888.353255 17.750910
386998.965832 3920767.847867 20.135631
391226.844786 3919334.381556 13.533238
391445.449784 3918023.962797 12.073974
386421.797269 3919387.374402 20.636599
385895.299023 3918370.353413 21.456296
376788.629183 3916353.136530 6.478386
379372.833460 3918829.307697 22.669475
378299.140217 3917940.975230 14.128598
378013.802214 3917248.767273 12.427169
377696.317895 3916534.816773 11.183415
379018.542009 3918072.072661 19.276980
382459.435668 3920454.975149 36.257929
383678.380809 3920430.676284 31.013259
381806.381527 3919763.948800 37.772390
380195.859591 3919071.714197 29.700182
381072.360783 3919241.163201 36.016586
385003.124589 3918445.684577 24.338203
384261.764482 3919170.154316 28.150565
376783.952669 3915440.358304 7.046589
376020.949034 3915158.834847 5.135194
395794.005046 3917760.799352 5.087947
394150.395133 3917689.170414 7.326692
395140.054221 3917747.322896 5.956001
396295.974132 3917447.404056 3.965382
400594.842907 3918008.498502 1.372740
399647.585112 3918235.129403 2.273107
398443.804021 3918280.774469 3.314061
397460.113937 3917942.647481 3.723802
397023.657033 3917131.495016 2.783985
400930.806992 3917253.300040 0.683543
401870.571501 3917045.837610 0.399578
393489.892082 3917081.732501 7.310432
392653.788764 3916866.913729 8.282946
391675.326101 3917083.286930 10.363201
389550.328191 3919415.449827 15.809516
387910.756496 3919425.910790 18.165162
390284.436872 3918157.153752 13.802221
390856.671455 3917331.546433 12.048673
385223.697074 3917523.670239 24.303363
387076.891546 3918218.182589 19.041715
386274.458694 3917494.782604 20.774741
377519.636372 3915758.348418 10.788627
378155.554980 3916028.082818 14.611069
380049.447187 3918452.956326 27.972612
379652.226655 3918122.764872 24.308940
378776.477935 3917340.462274 17.567287
378468.254729 3916626.173954 16.059817
379520.395412 3917497.535382 23.241197
382833.408045 3919348.751790 35.289587
381899.154368 3919018.219852 38.179893
380726.401082 3918479.047234 33.626297
381460.333789 3918546.031995 37.660921
384263.075000 3918011.748854 28.527358
383405.423691 3918412.279656 33.091316
384338.869208 3917179.278660 29.256582
384884.108678 3916554.495951 27.537646
377428.450991 3914920.339946 10.342386
376721.859380 3914629.303035 7.231792
376093.297974 3913705.754439 6.707437
394077.999160 3916805.066436 5.881780
395636.919231 3917138.271762 4.220679
394824.734250 3916942.696633 5.024543
396273.333781 3916709.398399 2.725414
400075.383404 3917204.189249 1.120212
399012.709671 3917223.713282 1.762227
397979.034248 3917207.664274 2.315003
396847.959124 3916381.485860 1.715523
397524.132289 3916397.083239 1.455609
400745.680653 3916360.378413 0.468008
401810.403568 3915699.897410 0.231557
393475.328579 3916257.440696 5.781598
392688.445142 3916012.749118 6.475157
391906.274747 3916176.237020 8.084284
390940.457420 3916434.239029 10.244353
388689.594244 3917878.692128 15.973544
389937.688627 3916959.213467 12.785150
385906.960436 3916609.567265 22.679314
387269.468148 3916752.309894 18.264577
378264.933760 3915273.473578 15.608641
378828.634516 3915947.667880 19.258688
380299.936829 3917762.013498 29.811484
379338.744303 3916657.352823 22.346140
380036.442868 3917030.643631 27.705579
382323.298017 3918191.312799 37.310978
381280.475808 3917800.510813 36.162307
383345.566472 3917339.597751 34.381725
383977.899191 3916467.004369 33.146910
385363.014131 3915750.268218 26.472054
384494.209877 3915797.336798 31.814769
377997.667963 3914499.343162 13.389194
378732.340352 3914533.177399 18.382951
377282.642009 3913921.323908 9.552238
376617.324270 3912766.468763 7.748210
376084.438790 3912034.940796 5.302834
375674.543678 3911468.990008 3.992075
393830.974337 3915553.949235 4.025617
394449.641422 3916054.371531 4.033863
395493.413669 3916222.110316 2.908544
396342.058473 3915935.730633 1.568239
399520.675941 3916144.289353 0.759038
398409.772180 3916270.433257 1.128803
397076.611692 3915733.785539 0.932035
397807.762787 3915657.747274 0.727063
400266.171096 3914815.015402 0.255163
401610.545989 3914220.829647 0.144249
393136.575308 3915427.463039 4.719684
392270.253213 3915335.781598 5.691128
391209.355698 3915324.607584 7.203001
390057.435730 3915730.731016 10.156687
388797.564095 3916223.192036 13.742962
386427.029876 3915582.106079 21.111291
387713.751127 3915260.104604 15.440923
385640.634446 3914855.088892 26.023687
379192.247098 3915227.509247 22.241994
379552.059787 3915873.516963 24.641098
380834.181006 3916950.782285 33.520137
380188.953948 3916285.617611 29.244762
382038.718616 3916874.055438 37.689900
383071.682832 3916241.789398 37.998701
383732.978123 3915689.668919 36.950741
384825.147315 3915103.170901 31.371017
384182.119471 3915219.522985 35.615212
385004.909838 3914463.975632 31.424535
379563.779320 3914487.836216 24.847213
378279.949232 3913848.486273 14.408321
379095.463153 3913862.528367 20.228063
377839.875408 3913079.795539 11.454062
377674.162373 3912247.440912 10.551818
375912.252296 3910579.030648 4.052679
375851.835468 3909827.217978 4.226003
376987.273258 3911753.844252 7.535624
376424.584075 3911129.026459 5.086373
376608.561315 3908417.431071 3.421472
376700.897548 3907433.274624 3.334449
394355.121100 3915257.237720 2.927002
393738.199450 3914773.305028 2.990339
395089.924535 3915342.275411 2.228046
395837.280866 3915432.206145 1.514159
396523.765159 3915135.499776 0.804097
398614.319302 3914992.270241 0.426392
397413.994826 3914895.265047 0.451150
399155.663728 3913601.705391 0.170991
400405.800389 3912686.241311 0.124999
391084.385510 3914468.457669 5.210073
392816.247466 3914631.665971 3.718463
393312.700566 3914085.007759 2.470585
391864.617072 3914442.115728 4.324049
390342.077173 3914684.928233 6.983726
389117.473762 3914758.468910 9.872596
388002.640023 3913979.350756 11.524685
386668.342688 3914265.548070 19.187345
385555.382285 3913965.624172 27.450179
376315.890268 3909134.530077 4.250180
377138.687302 3908694.155938 3.993398
380211.735696 3915249.524479 29.875602
381160.571404 3915952.027320 35.676259
382255.249963 3915642.688727 39.814660
383592.272877 3914974.563198 39.516740
383079.690015 3915437.894106 40.251890
384265.992104 3914532.935344 36.799257
384737.396935 3913863.135242 34.747282
385184.199344 3913243.048798 31.316137
380389.975146 3914210.687302 31.387028
379760.902482 3913843.713414 25.904635
378731.695040 3913194.880517 16.548743
379504.108176 3913267.175160 22.847710
378453.464390 3912500.351932 14.440139
378307.179083 3911907.432945 13.825364
377839.881938 3911476.901513 11.336055
376605.740170 3910069.036540 5.216296
377283.298612 3910868.432198 8.162161
377302.833370 3907951.184448 3.662408
394666.859883 3914562.360675 1.859096
394048.926400 3913895.605275 1.749610
395737.251451 3914525.494649 1.026963
396735.387377 3914290.644157 0.457083
397726.135266 3913561.816241 0.245154
398765.883455 3911953.482278 0.140483
390693.401340 3913937.483958 4.531072
391312.475336 3913953.230512 3.799037
393384.993307 3913398.086833 1.696613
392575.126168 3913726.460900 2.579845
391784.503974 3913654.771271 2.958860
389890.400496 3913890.000615 5.747320
389018.455209 3913541.330457 6.766127
388255.664165 3912937.125566 7.367568
390395.631971 3913364.996962 3.755805
387242.147980 3913113.795757 13.000215
386096.809390 3913103.097386 21.969757
377269.905232 3909319.054678 5.394662
377754.208220 3908655.053311 4.898098
383546.589774 3914326.615364 41.128777
381434.576079 3914709.720245 37.767424
382746.265786 3914640.843758 41.597019
383973.513648 3913779.684952 40.237292
385433.349471 3912670.405684 28.451491
384440.394719 3913193.645982 38.223861
384841.868627 3912662.491401 35.095339
381117.674160 3913583.077730 36.687796
380251.185292 3913390.406553 29.850039
379217.308709 3912611.060523 19.852861
379968.097412 3912700.556381 26.627232
378950.572923 3911961.608791 17.920366
378617.821369 3911350.926405 15.787231
378169.576429 3910733.445059 12.365556
377672.742740 3910048.481936 8.397057
377900.983130 3907472.592204 3.593414
378144.345380 3908030.345930 4.305128
387707.576933 3912137.771720 7.711251
395031.745121 3913580.403675 1.004267
394159.070740 3912974.605320 1.079875
396275.823408 3913335.297509 0.480156
397121.899933 3911864.471380 0.278413
391135.453705 3913263.379609 2.912939
393386.170435 3912721.966601 1.205206
392827.975215 3912984.988333 1.642752
392034.844261 3912888.744934 1.987628
389775.380725 3913052.934938 4.054666
389069.172163 3912630.268760 4.363593
388493.990676 3912220.387458 4.729878
390483.528233 3912681.257993 2.722695
386721.877441 3912260.091837 14.568399
385872.364740 3912203.372704 22.813836
378132.193237 3909313.211771 7.698723
378537.291576 3908622.464298 6.553766
383154.911873 3913705.133852 42.790977
382160.584272 3913689.512792 41.550667
383695.793296 3913056.746067 42.328310
385171.496571 3912140.080482 31.092321
384209.597538 3912556.861015 40.373156
384612.175080 3912170.973387 37.221235
381703.372975 3912760.967896 39.849011
380766.354553 3912737.337057 33.789534
379695.919702 3912041.889688 23.795324
380373.710194 3912155.566873 29.901605
379411.753362 3911358.082053 21.122066
379027.972298 3910668.190017 17.181136
378575.754364 3909987.864631 12.204682
378492.587458 3907511.152017 4.103810
378394.798408 3906776.275883 3.937833
378878.172381 3907969.726545 5.845659
387110.791886 3911483.488337 10.487723
379027.254755 3905272.278739 5.377003
387767.483395 3911372.910415 6.336981
388361.095544 3911576.765867 4.419386
393800.061289 3912062.478386 0.896076
395302.559488 3912189.283362 0.655539
391243.798124 3912363.309226 2.011065
392758.740074 3912189.756731 1.271069
391918.313475 3912038.714899 1.559750
389795.104700 3912209.866107 2.892659
389076.447217 3911820.082104 3.298492
390555.792871 3911833.172997 2.196296
386301.591612 3911519.176476 17.850614
385509.061144 3911527.484179 26.927119
378983.272728 3909246.474694 10.939303
379331.569183 3908520.079240 9.720357
382806.735340 3912737.535344 43.010215
383589.601750 3912367.726993 42.758285
384760.160410 3911605.826651 35.192569
384077.751968 3911889.654357 40.482921
382184.781837 3911984.948435 41.102078
381184.104328 3911833.573044 35.573700
380254.085846 3911464.559911 27.871588
379924.157822 3910661.432547 23.327108
379468.782443 3909917.516366 17.118570
379144.643548 3907306.878955 5.970111
379141.608232 3905962.222181 7.058499
379618.611262 3907827.530531 9.498268
386700.337158 3910812.322178 15.265894
387465.884188 3910798.763674 9.081527
379610.777960 3905263.889242 6.590623
379324.718698 3904582.745309 5.329820
388192.073937 3910867.822275 5.525459
388929.021042 3911041.715098 3.731116
393124.478414 3911354.432362 1.106487
394069.316228 3910945.059135 0.986730
395514.040746 3910517.770916 0.924110
391334.842518 3911474.705882 1.861051
392219.331994 3911277.147941 1.526921
389810.311143 3911241.598112 2.827878
390667.164265 3911028.426116 2.409250
385895.120842 3910828.410456 23.929173
386317.200218 3910133.721557 22.481176
385053.633470 3910868.139128 32.958306
379854.059740 3909117.835993 16.127369
380118.021004 3908336.552183 15.165934
383158.131782 3911597.918906 42.042309
384136.842747 3911038.723439 39.325476
382071.567989 3910994.892080 38.529894
380934.874634 3910736.954286 31.184985
380447.493018 3909823.443399 24.194319
379910.340548 3907216.267210 10.581806
379694.174353 3906481.716358 10.498096
379834.698942 3905821.185856 8.986893
380328.936097 3907615.774492 15.174201
387111.442077 3910110.478362 14.851736
387913.186683 3910145.653943 9.275092
380293.966486 3905330.887745 10.338737
380042.450138 3904614.092205 7.262556
379660.688872 3903846.032029 5.844147
388715.777054 3910271.216516 5.786851
389418.422396 3910472.915329 4.107063
392774.919266 3910297.855557 1.793968
393899.692312 3909248.884090 1.707948
391404.656409 3910307.587768 2.724073
390230.239935 3910285.174752 3.721639
386713.350620 3909521.111661 22.128355
385488.906837 3910109.732608 31.368050
385994.049818 3909420.381243 29.986528
384531.713965 3910098.787070 38.404861
380775.235522 3908863.088015 23.434737
380799.724233 3908075.110593 21.224348
383239.666170 3910172.191719 40.373703
381727.872341 3909644.034119 33.439515
380454.761415 3906860.774682 15.332300
380432.984285 3906067.277005 13.603531
381072.180504 3907378.497498 22.405590
387558.715741 3909251.406176 16.737673
388435.222541 3909574.347033 9.605381
381030.356043 3905503.984421 16.659399
380812.542975 3904714.986352 11.844484
380552.013034 3903946.111878 7.985676
380400.455141 3903413.708846 6.518775
389406.762262 3909524.959363 6.888635
391931.950184 3908654.355335 3.948419
390674.135389 3909135.746687 5.454056
386585.352531 3908689.659012 28.526806
385141.732705 3909309.087525 37.411452
385717.779433 3908759.089755 35.585532
384129.517810 3909095.047639 41.317934
381704.256965 3908181.729625 30.374941
382922.032420 3908736.334118 39.129183
381289.958969 3906405.226308 22.166208
381855.441730 3907132.485659 29.742195
386663.456983 3907830.847696 33.087452
387570.794453 3908040.191137 24.415326
388581.671311 3908678.616161 13.721227
387810.145439 3907185.422997 28.208446
381750.525060 3905639.484499 23.942193
381602.168668 3904866.149513 18.554538
381354.318962 3904028.799237 12.341208
381848.898453 3903444.624118 11.523099
381041.661369 3903059.167555 8.683130
392952.338936 3907959.201880 5.967799
393785.185957 3907100.794476 6.085528
389791.893533 3908256.954657 10.371127
391279.403285 3907785.735621 7.619565
385879.329088 3908004.784460 37.392459
384988.437243 3908371.633107 40.663060
383953.562529 3907882.489715 42.059146
382777.346884 3907442.824899 37.363106
382433.486056 3906254.271047 32.270926
387069.608642 3907221.559399 34.166884
386212.198130 3907198.146175 39.732609
388726.648865 3907424.077899 19.647148
388203.620781 3906660.833513 28.553658
387480.057031 3906580.548986 35.765290
382396.660055 3905167.883327 27.163406
382268.629575 3904141.878361 18.409759
382453.229923 3903304.261823 13.254757
382126.651455 3902689.098638 10.229437
392330.840603 3906867.607874 7.435410
395379.547204 3906064.603476 5.207133
394046.966017 3905729.972007 5.974547
392970.661067 3905906.636715 7.328267
395801.335460 3904733.432351 4.682284
390082.786987 3906992.920167 13.849138
391191.939743 3906633.831578 10.275252
385108.722316 3907179.478489 42.662517
383795.348449 3906469.896845 40.795996
383169.130111 3905522.355497 35.223838
386680.981672 3906494.312372 41.706555
385871.092649 3906458.040595 44.364100
389045.674139 3906153.919121 24.819544
387955.579550 3905960.295252 36.192146
387160.410448 3905960.969666 42.513628
383156.031783 3904583.287611 28.829264
383069.119282 3903598.308358 20.061027
382952.873645 3902647.464240 14.431786
391805.486435 3905819.759419 10.201117
394677.671417 3904726.465428 5.506908
393421.787687 3904851.573417 7.489345
392433.675874 3905070.341807 9.631944
395540.483732 3903340.075980 4.631774
390461.166091 3905703.327734 16.985490
389439.151852 3905153.710178 28.181857
385061.075541 3905871.665334 44.492173
384064.127110 3905136.569837 38.760830
386292.506963 3905546.724058 46.946603
388450.789126 3905182.582945 38.064742
387392.912785 3905223.066534 46.297721
383968.525205 3903932.890828 32.175630
383615.439361 3902980.188623 24.676205
391444.610614 3904737.053514 15.790990
393875.932372 3903639.423760 8.014227
392525.835313 3904036.834491 12.831686
395416.987529 3902007.374823 3.623088
394333.791198 3902318.913165 7.277847
396482.200211 3902131.916940 2.556828
390218.555685 3904432.468891 28.460909
389019.582138 3904296.418287 44.318457
385234.675098 3904439.552490 46.847972
386646.364820 3904379.744019 57.786202
387851.820243 3904308.277391 56.594358
384671.750707 3902859.645911 46.926931
391222.981406 3903359.858850 30.623991
392756.039081 3902563.067278 18.053100
395886.118344 3901114.214107 2.443560
394842.342665 3901131.915450 5.169544
393570.949733 3901231.967104 14.289832
397119.403088 3900235.586373 1.592833
397233.687130 3899092.437274 1.137078
389723.872997 3903344.718226 56.482679
388433.316246 3903356.984286 80.042113
385938.295380 3903350.014779 74.276361
387167.949716 3903411.102790 90.202340
385533.733228 3902375.104919 84.421647
391517.215496 3902127.419996 41.756153
390374.801727 3902277.908019 72.071834
392245.638453 3901227.537513 36.972843
395569.725889 3900064.463029 3.366138
394276.532617 3900054.794255 10.524760
392971.416697 3900095.883613 30.361338
396279.909272 3898969.686973 2.414852
396890.424033 3898001.125707 2.168648
389074.019943 3902344.979200 113.545128
387762.665657 3902436.679270 146.321199
386375.218398 3902635.186824 153.524887
390986.636422 3901208.938243 79.669586
389724.090821 3901281.810467 140.343774
391671.592384 3900138.229147 73.578125
395014.082983 3898880.890617 8.074587
393690.732912 3898923.931923 24.176159
392373.105706 3898999.131892 61.347108
395852.080144 3897543.858331 7.650409
388425.402532 3901372.060419 201.416587
387100.135791 3901500.061136 245.083305
385759.141257 3901697.031912 291.601903
384814.393022 3901207.961589 337.384893
390386.521715 3900200.986564 145.170855
389097.202246 3900286.268927 229.362345
391066.283560 3899097.178199 130.200640
391744.942645 3897955.582449 110.873262
394415.586685 3897728.906356 21.740891
393093.734430 3897784.279412 52.975070
394894.313774 3896889.182449 21.738701
387794.353479 3900382.853121 294.921757
386484.121288 3900476.858632 328.609381
385191.240713 3900452.719945 341.131657
383618.486002 3900329.581540 344.015260
389773.374904 3899193.772781 224.558951
388479.522809 3899286.413776 309.748924
390448.224763 3898095.650566 200.003412
391098.844563 3897010.687021 174.862029
392389.542699 3896746.859885 103.183772
393948.610248 3896351.584415 55.693401
387179.796830 3899375.745125 349.957961
385880.116964 3899453.030011 344.367596
384591.130171 3899552.158743 320.023190
389162.551229 3898196.420266 295.520126
387869.915544 3898283.706525 349.720889
389843.414223 3897120.541736 267.752599
391636.825837 3896057.039041 161.418179
390530.180432 3896088.712419 236.659143
392814.421629 3895322.311802 127.379691
386570.808656 3898371.894807 340.882084
385263.655087 3898489.086352 292.336109
383915.392751 3898743.453517 235.622037
388560.913188 3897198.716666 335.700726
387265.958598 3897273.332364 336.503514
389259.829359 3896133.336696 314.019056
391351.209404 3895116.823924 199.418648
389991.019710 3895094.104509 282.442367
392381.376978 3894077.733143 166.933032
392382.197852 3893113.721489 130.945724
385965.471696 3897356.754960 279.443531
384659.099060 3897457.520125 205.188924
383357.855180 3897508.389241 134.405192
382095.289342 3897133.248800 71.745108
387963.865513 3896185.243712 334.564444
386664.834115 3896243.962154 284.122490
388669.634136 3895112.982068 329.772725
390753.500787 3894061.387870 238.842476
389381.805539 3894051.685060 312.617891
391351.024114 3893031.928066 185.641881
392722.460864 3891935.082977 100.594690
391822.324084 3891990.232873 131.155345
385368.540128 3896305.021065 201.651484
384083.761765 3896342.706370 128.870274
382839.193303 3896292.699929 79.492247
381751.142123 3896225.933328 56.234634
380721.420957 3896937.357546 52.392512
379603.471791 3896255.554659 52.318873
387362.073137 3895149.417008 302.868727
386063.147199 3895194.288458 222.484010
388059.250943 3894064.395880 325.503885
390064.567841 3892996.403724 274.096114
388752.880000 3892981.136670 333.956291
390702.090831 3891952.354299 212.420371
392416.706914 3890967.290023 89.553276
393447.762971 3890155.510983 54.419830
391359.468650 3890941.198551 142.286441
394022.220529 3888970.306006 34.185610
393898.977820 3887949.010321 25.475264
384774.980085 3895235.176860 140.276083
383502.942778 3895257.704916 86.333497
382244.165962 3895288.460324 60.996243
380855.657177 3895478.090782 53.579054
379698.106724 3895121.842881 57.115316
378557.213897 3895366.576022 60.135493
386751.748614 3894095.916051 265.237413
385456.750014 3894136.520090 176.313558
387437.395045 3892995.528882 317.965646
389446.097623 3891900.215321 304.646913
388128.180403 3891878.881968 348.535736
390169.058897 3890854.391901 232.695023
392114.709029 3889998.227721 84.249390
392834.558794 3889206.711165 49.688376
390931.959380 3889884.915402 148.247939
392890.275747 3888075.718241 37.118533
393530.288022 3886957.782419 24.104070
395588.942266 3875612.839783 16.168467
384174.777357 3894175.097121 107.414164
382900.805398 3894212.357695 73.301153
381615.281550 3894264.251670 63.224900
380356.088810 3894253.599830 63.766482
379118.107906 3894255.584341 67.037579
377680.374466 3894406.776769 70.853631
386131.911341 3893035.631231 239.387299
384843.972015 3893083.290325 153.077783
386800.428540 3891917.501315 312.789479
394151.704367 3884399.074115 10.255074
388859.816434 3890738.405404 320.493283
387472.489141 3890740.802702 353.256898
389714.938171 3889709.526870 235.681798
391697.816347 3888833.993308 82.592694
390535.809536 3888972.400044 151.433422
391807.935974 3887726.973296 60.515679
392440.123534 3886885.558467 36.219361
393192.682178 3885857.166744 23.998704
368066.463644 3907926.300478 280.493150
394931.348670 3876493.387950 25.136099
394371.826464 3874934.614819 21.118477
395816.838486 3873925.290080 11.759055
383569.247743 3893125.807233 99.382521
382298.451070 3893163.098489 79.918283
381036.575199 3893190.184671 77.185536
379812.819133 3893211.900023 78.027460
378604.102188 3893173.091159 79.258606
377551.140263 3893197.277120 80.132998
394435.527062 3882946.695948 8.743562
385501.207814 3891985.313640 226.284123
384229.971653 3892041.648205 148.487852
386131.422251 3890869.140994 306.185222
386687.001893 3889694.282161 354.486589
393240.936561 3883471.209168 13.842295
392870.143010 3884763.784298 22.980140
388228.138915 3889346.929401 324.957393
389564.850377 3888460.416225 216.963554
390769.499646 3887973.325961 117.824943
391241.971226 3886866.437074 79.175613
391977.611316 3885829.497398 43.402534
366829.652099 3908261.050276 344.426041
368854.495520 3906736.926292 251.679859
367546.687325 3906937.519849 298.558281
369387.946655 3905590.959400 224.397897
361049.293143 3908960.221938 880.432376
359668.750342 3909340.917585 895.870210
393766.985760 3877140.706150 38.014779
393450.975361 3876133.282092 39.812817
392885.625459 3874981.006496 42.008311
393464.041744 3874023.284127 22.853610
394465.048012 3873373.646688 12.307609
395475.121082 3872487.989949 8.649520
382967.542443 3892079.623580 110.420835
381701.289596 3892106.637577 100.864883
380435.552012 3892141.883458 98.501375
379326.529159 3892257.301521 92.882214
378135.708663 3891709.957422 92.948691
393516.662772 3882171.419981 15.251211
392456.061225 3882798.330203 24.414224
384869.574304 3890964.946012 221.282783
383628.317391 3891011.177024 161.648540
385457.867841 3889912.280102 298.038586
385906.424379 3888991.905177 349.262497
386925.717549 3888304.941512 371.036608
392015.572466 3883748.207767 35.752722
391432.713417 3884800.766425 58.228240
388372.188089 3887780.637260 304.900156
389768.595001 3886979.995821 183.884732
390688.102091 3885803.550867 103.215169
387403.769316 3887149.592239 374.504850
370045.932937 3904553.709057 205.263020
374019.991881 3898514.237476 36.989640
374353.371236 3896903.837289 33.849622
364193.607096 3907951.889469 609.244702
362826.370267 3908195.033093 689.448956
365510.993336 3907651.044371 475.688098
366467.772146 3906997.223724 382.065174
364609.502608 3906973.969690 580.818392
368158.565341 3905771.408876 265.767185
366903.273013 3905932.462485 353.094635
368767.138716 3904648.209578 233.134491
357966.812791 3909541.437817 909.259017
361527.617530 3908038.763345 862.829059
360170.973201 3908119.873699 878.948608
358807.103585 3908245.694253 900.282202
393089.720424 3879722.130433 36.484222
392756.836694 3880741.147687 36.768276
392571.565331 3878122.438978 45.433283
392642.742693 3877230.827757 60.740738
392107.361694 3876019.478866 71.807765
391579.510335 3874895.707679 75.027180
392340.045755 3873879.975211 37.947581
393257.664299 3872947.370034 17.147411
394404.839336 3871923.628340 9.945155
382378.009057 3891029.641436 141.376575
381091.637581 3891035.664644 136.654095
379644.472783 3891049.871861 128.740184
392152.147380 3881794.261137 37.094767
391355.016307 3882806.733902 58.012697
384268.688112 3889970.376383 231.173484
383056.148162 3889981.086402 200.439799
384884.118949 3888983.267835 303.914138
385577.444513 3888064.922482 365.216332
386305.049827 3887106.729741 405.716078
390738.566404 3883848.691564 93.273633
390306.308518 3884811.145891 123.678960
388342.131211 3886442.308573 309.192137
389401.467846 3885533.752035 207.294711
387073.785843 3886113.532424 403.462614
371516.967570 3901663.819821 86.486296
372302.890451 3900811.212903 69.100111
372949.216584 3899620.198055 57.223253
369434.981520 3903500.529030 203.784383
370555.410109 3903078.511705 158.916124
372730.449434 3898560.204066 54.100739
373348.498698 3897521.805943 46.575894
363566.698673 3907040.378610 678.033071
362476.167305 3907083.902104 759.603636
365548.255824 3906204.224327 488.617889
364227.985093 3906022.486468 637.391811
367491.908471 3904782.644528 309.976075
366206.490615 3904902.026861 428.710851
368083.555341 3903690.284650 271.849438
357437.610282 3908227.120844 918.084021
356267.504275 3909383.514869 901.344306
361397.729018 3906838.785049 831.775858
360563.477605 3907022.362598 857.324464
359409.578299 3907111.587856 874.375778
358188.931856 3907133.561588 902.755641
391809.443220 3879412.914058 50.690135
391327.787620 3880709.267148 57.179594
391567.426143 3878090.999860 70.445061
391273.647428 3876990.293007 99.410585
390811.676426 3875886.053510 120.817106
390302.540821 3874808.925882 118.197673
391029.826219 3873799.088761 63.179009
391823.621832 3872633.670228 26.652077
393048.457039 3871850.336387 13.825740
381823.150510 3889963.927745 195.449222
380567.386927 3889922.325896 191.181985
379422.786467 3889879.865385 196.275222
390716.660196 3881794.750895 84.191865
390051.119486 3882856.427989 135.497228
383716.126953 3888969.743821 270.416781
382522.624508 3888941.903851 267.745830
384378.184406 3887990.594710 340.088813
385065.181331 3887012.354457 402.877469
385784.400926 3885995.287712 448.490052
389270.686566 3884069.162864 215.041320
388032.982427 3885096.661889 338.342258
386574.407643 3884890.901547 451.132670
370516.889080 3901862.320773 124.642813
371096.390824 3900764.228448 94.130407
371812.121295 3899675.213119 71.615163
368516.167774 3902760.088060 246.240512
369427.738078 3902124.773981 188.321068
374328.941897 3893275.424871 86.596502
371278.930989 3898591.936832 86.877594
372021.174703 3897535.102434 72.631080
372746.803243 3896586.339327 74.871247
373276.671578 3895509.549340 83.083078
374144.983822 3894567.779634 84.252816
363066.626324 3906015.212372 743.652530
361980.392294 3906007.488532 811.902997
364911.806940 3904950.703072 574.706395
363665.044513 3904950.681717 707.271102
366832.465187 3903751.748054 374.700117
365551.277872 3903790.664631 509.338337
367458.683689 3902698.757099 331.096409
341929.310711 3907235.600993 1099.058490
343482.321038 3907577.479804 1139.147696
356390.733825 3907983.551147 922.906482
357004.658757 3907075.270055 932.542839
355351.112734 3908157.020550 899.412125
354682.371355 3909440.974263 860.783541
353109.876809 3909288.569388 821.948800
351478.276069 3910111.527908 800.561633
348124.624672 3908919.572395 865.780704
358812.121170 3906102.470260 870.839625
360960.051742 3905979.561033 844.951101
359914.864382 3906045.810630 854.445953
357662.541278 3906039.480048 911.174430
374114.178337 3892176.280782 99.025046
390838.119356 3878781.755440 81.684567
390514.591178 3879722.994114 84.884816
390017.010707 3880789.851520 110.895059
390473.044696 3877879.951956 116.069833
390039.652525 3876834.726020 158.681531
389567.359884 3875767.461185 179.557094
389073.402066 3874724.406001 160.807394
389753.483850 3873781.103347 91.831419
390379.786711 3872795.441175 44.226776
390824.784301 3871885.832560 22.258821
391884.829090 3871278.066243 16.091400
381323.131612 3888873.206479 268.905972
377528.873166 3889283.715641 204.703403
376384.361987 3889317.632230 193.596683
380099.212034 3888731.689580 263.335906
378717.706821 3888458.447996 257.534451
389396.885138 3881812.270347 171.131194
388828.936670 3882807.245721 242.286264
383187.019238 3887951.471363 340.638776
382030.194876 3887912.229142 351.914711
383839.231655 3886962.049338 406.734762
384506.789320 3885954.799752 467.202683
385181.211435 3884893.691554 514.669992
387535.436474 3883530.693293 379.228583
385838.676965 3883715.900634 522.528314
369914.595974 3900869.268994 150.364514
370514.938384 3899703.773069 116.904733
368175.871196 3901786.268749 280.133527
368880.187056 3901016.731632 223.398100
369936.194605 3898578.276081 145.353444
373345.701603 3893344.584061 94.235647
370658.753886 3897499.372923 118.276250
371363.612280 3896451.269941 109.244468
372040.854327 3895417.969390 104.916645
372725.481041 3894402.373656 98.449296
362483.490619 3904986.552536 796.285517
361498.293843 3905141.103259 837.596934
364271.795996 3903834.411126 650.873558
363028.575676 3903894.972159 762.143285
366202.893228 3902646.381542 452.551124
364882.231988 3902658.997674 590.278383
366941.149852 3901558.010447 395.647258
340404.253949 3906685.874109 1020.253514
339203.041733 3906138.026756 909.084576
336722.817652 3905009.109587 770.740657
335322.760457 3903776.245181 637.386481
333825.387052 3902841.633723 534.804338
332729.666743 3901903.109840 453.669445
331361.542482 3901196.696579 391.763010
347698.836145 3907712.283101 908.044033
346458.166374 3908264.334663 993.088066
344950.646718 3907885.859138 1111.366265
341779.240431 3905570.885456 1078.515248
343114.824144 3906132.379698 1134.972379
344448.821418 3906506.775513 1152.893212
355892.811249 3907074.989056 939.516046
354928.917052 3907153.042411 923.541772
356455.337714 3905993.139495 953.589877
349812.951016 3909160.375514 818.578769
350944.866579 3908411.003587 815.102957
353944.314642 3907906.321840 873.606109
352315.129775 3908191.573693 833.548365
348788.675385 3907729.817551 856.715247
359338.435694 3905237.093658 855.747204
358358.380203 3905047.499479 881.106848
360405.546245 3904821.989305 853.840894
357155.832127 3904885.177527 935.489748
375232.277914 3889419.765961 182.484367
373911.216871 3890626.141803 141.689054
372644.409611 3892335.636551 117.559965
372882.848826 3891319.906275 130.924580
389826.080491 3878802.069224 125.974554
389269.101252 3879842.369210 149.288480
388877.033379 3880857.718606 190.355016
389293.363411 3877780.089330 179.270273
388818.839322 3876704.761805 225.830094
388358.060010 3875646.148448 232.961218
387884.029275 3874611.905182 190.860181
388574.945820 3873731.135894 115.119379
389160.407822 3872827.873596 60.171118
389686.594328 3871845.358980 29.450604
390349.064700 3870876.838165 18.288920
380896.246062 3887767.411281 356.762562
377279.856313 3888195.674327 247.418047
375948.290580 3888162.353330 225.968101
379668.008251 3887489.154369 359.847752
378307.463112 3887170.975040 358.399717
387890.547676 3881767.928126 307.565008
382635.767789 3886932.542496 428.051190
381616.402555 3887007.057845 431.422501
383262.457938 3885930.781396 492.714857
383908.266324 3884934.899161 549.400806
384474.747159 3883870.656900 593.044115
386311.827596 3882367.629432 479.213983
384954.456403 3882742.205540 595.770565
369051.441212 3899744.020845 209.412780
367831.274181 3900559.493495 317.224486
368770.500449 3898465.849556 226.374644
369342.645158 3897464.993076 193.824270
372116.208126 3893310.265326 124.791831
370009.969629 3896374.961916 179.169166
370704.083414 3895294.183789 169.418350
371428.431684 3894264.385115 148.692541
361661.996249 3903910.077704 832.771069
363591.852864 3902760.717127 713.644644
362497.293159 3902927.657758 793.629556
365551.556026 3901420.398209 532.587426
364124.027962 3901501.708492 664.720321
366426.619513 3900237.062076 454.808975
340392.702739 3904712.592923 996.051392
338594.453543 3903717.728690 866.996814
336662.017244 3902830.148548 709.392887
335204.361921 3902295.624185 590.573240
334210.623433 3901154.906298 508.148831
332845.414655 3899855.485349 414.938082
330983.413106 3897752.880603 331.019871
331063.126897 3895348.987129 248.209111
331245.858083 3893415.243139 205.507784
348072.398302 3906858.609225 929.778837
347050.304606 3906789.276006 1010.541211
345769.857936 3906750.083810 1104.543812
341915.903250 3903853.492555 1090.579871
342918.510976 3904805.764878 1129.995733
344130.783122 3905098.119802 1166.239430
345244.480774 3905597.036358 1162.785224
355226.130582 3906088.106562 965.726428
354230.251091 3906538.924421 936.849104
355790.064122 3904796.068110 987.577950
350034.918380 3907359.594588 855.884674
351421.061658 3906857.837657 882.557153
352992.553448 3906574.588838 914.800633
348988.268765 3906368.738175 931.791272
359201.280031 3904167.852086 873.253086
357980.089115 3903853.145827 914.148735
360263.931019 3903272.760921 871.569173
356688.599020 3903582.011204 977.894942
371630.769846 3892414.399475 156.184120
374795.618361 3888231.279892 209.363209
372997.955783 3890086.077098 154.559878
373708.616204 3889017.995891 183.976065
371776.706917 3891448.648035 169.373941
372048.753999 3890306.217160 184.242351
388568.267535 3878805.483037 199.919438
387811.628453 3880076.387133 262.022227
388034.310819 3877653.798288 251.953607
387620.302098 3876546.600102 284.332727
387184.434973 3875521.997207 266.735770
386677.885781 3874483.837735 201.521162
387435.448281 3873564.142444 125.729278
388142.907306 3872877.603566 74.836704
388424.720862 3871936.822164 41.720107
388980.780786 3870749.599816 25.467622
380640.534298 3886591.364714 463.157257
375205.199273 3887028.795311 293.022762
376792.519884 3886781.258425 351.912788
379346.898291 3886215.344506 484.157773
378039.807609 3885886.334455 487.453369
386472.103370 3880924.040969 407.971680
381879.289111 3885831.895749 524.628259
382805.412241 3884968.770068 573.715853
383218.990251 3883990.941198 626.149125
383746.895447 3882946.582920 651.082770
385179.741555 3881525.417655 546.408066
384174.868372 3882027.322842 631.002634
367512.385760 3899015.180144 348.198584
368009.844975 3897526.997773 309.758710
368670.601831 3896344.784513 284.699317
370922.432629 3893100.452394 198.623490
369320.101078 3895195.471442 277.823184
370061.494618 3894061.354501 253.102099
361456.860706 3902325.892713 839.638796
362747.201903 3901746.816340 768.836641
363238.973695 3900503.075833 729.064513
364732.393982 3899920.580649 611.840620
365990.975443 3898949.115396 500.620550
342293.726237 3902347.948622 1137.615744
340459.371171 3902310.053735 1013.918232
338126.677816 3901307.253970 818.651989
336001.006419 3900875.504209 628.567237
334657.947218 3899158.564834 495.454429
333129.144205 3897967.362342 375.877303
332541.838606 3896478.706805 303.981595
332916.445980 3894733.121056 263.763278
333153.003630 3892595.635666 233.563319
333450.669902 3891016.894195 245.688268
331620.464881 3890553.844779 225.428826
333102.154218 3889862.263383 286.853526
347835.888424 3905693.076485 1030.965685
346466.717063 3905457.518682 1120.670368
343651.851185 3903374.193134 1172.526522
345406.226812 3904172.890445 1182.957787
343448.003211 3901573.873386 1203.775510
354059.369784 3904972.739838 998.963765
355155.147563 3903255.618499 1039.492216
350253.697428 3905630.105934 962.019962
351985.254672 3904980.560971 994.933836
348944.018948 3904941.500830 1039.190334
358861.292131 3902774.899115 911.824326
357615.176630 3902661.710921 957.980681
359996.601108 3901636.223113 894.769855
356435.302393 3902040.682012 1023.937340
370694.068006 3891877.143149 240.900467
373883.740905 3887527.696629 259.965262
372438.359943 3889160.269026 210.599962
372858.775009 3888126.049381 249.493402
370759.312962 3890438.822505 278.369907
371437.314780 3889383.795303 260.671732
387175.144589 3878678.485833 286.809817
386429.207551 3879659.126921 354.020350
386729.957904 3877407.653083 315.120255
386596.225946 3876345.474677 312.909768
385970.105407 3875498.246588 274.157156
385379.393596 3874354.593395 190.179102
386213.909772 3873352.402002 123.918228
387119.000196 3872328.201397 68.335261
387458.633713 3870992.581487 39.783825
374049.857878 3885879.562590 385.216297
380436.402438 3885237.616265 580.225054
375761.191694 3885590.991459 430.925531
377005.886303 3885434.156748 493.073058
378989.206646 3884916.950829 600.473743
377796.932464 3884799.621824 585.233919
385209.659981 3880148.151027 463.502420
381758.053847 3884155.530575 632.836829
382620.582697 3883069.485623 666.815494
383037.726398 3881979.120352 652.730932
383955.528551 3880943.462738 578.282630
366506.012566 3897624.214336 461.102611
367256.937854 3896247.294112 424.885018
368084.111362 3895259.293368 389.561420
369603.586093 3892675.429241 332.190469
368390.290320 3893838.570979 420.102698
361574.167211 3900462.178860 826.258624
363017.099490 3898884.435627 737.835742
364777.472017 3897948.866047 613.647772
341993.452139 3900628.508371 1143.034922
339898.626431 3899603.808701 977.540573
337144.414579 3898507.196149 699.876482
334617.052138 3896591.707966 426.022363
334877.640029 3893969.175893 374.062821
334806.768328 3891886.191284 338.119446
334570.847042 3890186.902556 360.044780
333987.245580 3888383.634642 449.509191
331881.608908 3889170.418455 365.116234
347493.597394 3903743.109502 1150.176165
345449.905892 3901767.937791 1229.561887
343851.034163 3899751.206905 1238.036959
354921.376689 3901566.788169 1088.318221
353036.196449 3902575.991010 1096.009765
350148.667262 3903272.840002 1107.655588
358110.645381 3901058.053049 971.749469
359712.730442 3899924.093497 915.003158
356120.963179 3900120.378609 1069.555511
369471.582478 3891185.374685 385.403136
369525.296554 3889898.807091 422.341340
372684.430037 3886882.785032 341.659001
371578.727450 3888041.702385 329.094055
370361.438460 3888972.134876 378.472814
372464.187715 3885359.169975 453.982592
385477.455548 3878468.838877 371.199578
385476.337415 3876753.046482 326.973673
384506.373445 3875530.813901 259.051608
383980.243795 3874109.729762 159.964153
384927.860868 3873152.844832 111.946070
385743.893779 3872231.075730 75.323420
386413.502847 3871343.125612 60.324642
373475.563877 3884458.220467 495.429937
374874.750727 3884309.820971 519.278507
380004.462444 3883715.020874 663.162597
376638.988315 3884112.769293 585.662131
378310.763693 3883648.104255 659.887355
383743.923767 3879368.401802 479.732724
381341.245570 3882275.485877 663.128619
382387.269970 3880612.722928 590.010097
365488.403194 3896058.285922 589.144255
366782.621942 3894670.588793 532.921023
368081.636663 3891990.067452 507.958395
366798.451703 3893018.374649 593.501545
360849.735404 3898215.429767 862.700904
362929.882667 3896257.205695 761.880774
342009.995293 3898184.856199 1146.580826
339657.727664 3896686.098119 930.498454
337051.685820 3895329.040207 632.250444
336720.807454 3892680.196972 560.728939
336067.565805 3890868.892050 495.928312
336010.637654 3889103.991875 577.458133
335468.556931 3887041.950049 661.335507
332889.564030 3884937.009915 658.754493
348203.723334 3900897.087717 1231.386126
346094.897226 3898864.436926 1282.586400
344109.843353 3897488.447242 1254.704971
353859.360728 3899841.748591 1149.605800
351124.250297 3900142.927211 1201.718211
358032.452065 3898249.154128 1002.658736
355366.720185 3897966.679251 1123.786528
368165.583787 3890232.358657 550.885427
368868.548750 3888665.595846 538.848896
371271.362442 3886362.899766 452.915281
369999.421370 3887404.413342 492.639329
371158.290055 3884927.431969 541.635595
372145.611784 3883644.500286 575.780750
334036.873787 3881453.681563 849.347499
383577.914380 3877267.675047 356.405278
382654.266850 3875202.060243 220.868106
381661.931658 3874093.694933 146.541218
382699.741442 3873583.747310 123.365983
383713.857401 3872834.686174 95.392175
384535.873010 3872034.862339 75.814984
385253.209415 3871175.291059 74.241296
385997.129583 3870359.446105 96.910496
373843.385029 3883098.338620 593.016630
375479.571310 3882719.489111 637.787538
379191.134925 3882056.973409 678.028571
377243.899069 3882287.752674 674.761220
381855.752764 3878770.152716 481.387527
380389.503671 3880340.277407 605.279434
372794.610052 3882063.522702 649.016936
364677.475182 3893602.304518 718.999792
366060.216872 3890990.856527 705.507164
359832.128322 3895516.621555 940.261464
361866.969873 3893576.070799 874.526946
342549.308679 3894952.083915 1153.016920
339292.443438 3893541.129680 868.557515
338228.752209 3890487.675057 783.094790
337740.682527 3887655.692026 839.073314
336714.272393 3885130.290843 867.718040
335857.986702 3882584.339316 900.523059
335689.445111 3880572.358378 945.942120
348911.069350 3897592.699616 1282.713874
346043.876839 3895690.466780 1290.706695
352586.630514 3896678.754731 1223.702624
356234.156642 3894944.390977 1118.144641
366986.251122 3888664.002826 705.923169
368173.307309 3886822.331105 669.189108
369743.112608 3885562.313271 600.116905
370167.205949 3883708.594060 656.570429
371116.039551 3881896.844155 683.927515
336255.731281 3879187.166879 1016.384556
335008.161833 3879068.233080 953.355170
386675.305377 3869548.083508 122.077465
381331.250101 3876781.353492 346.610009
380822.389713 3875048.081076 221.988171
380560.617867 3873676.087298 145.189958
381572.608638 3872958.719378 108.466937
382615.532453 3872303.872834 91.897779
383523.886077 3871823.309113 79.940154
384052.519551 3870992.192157 88.094560
384776.314417 3870091.283514 114.726385
385519.481986 3869238.490314 145.347008
374290.259753 3881394.928624 669.411689
375986.148140 3881113.835612 681.673638
377856.881517 3880075.925383 636.219638
379704.729570 3878251.258459 492.619966
372577.791405 3880283.372218 690.030433
364896.374482 3888784.011942 849.590012
362815.779612 3890646.200988 907.012567
359079.496166 3891859.239937 1048.137715
345185.066771 3891962.655616 1271.485902
341546.226251 3891113.277444 1089.098307
340222.757876 3888452.115800 1033.402922
339799.049480 3885719.233690 1072.101560
338529.702720 3882845.226970 1064.148530
337288.586767 3880568.716464 1041.992864
349413.133937 3893284.508066 1307.799688
355544.229097 3891361.924318 1196.284119
353197.630683 3892981.056183 1248.976711
347758.220177 3889452.141646 1330.405619
365753.502317 3886489.596142 850.825705
367688.995110 3884148.835133 783.498264
369151.284260 3882072.374021 756.722668
369859.691260 3879609.389669 741.162516
337667.678931 3878101.692051 1113.318756
335624.770837 3877625.131920 1043.843016
386154.300699 3868494.947518 153.698092
387043.635365 3868331.128776 125.897662
388373.888408 3868825.586225 92.720794
379372.477537 3876149.661548 348.876498
379353.786515 3874386.108615 225.232879
379536.646340 3873146.943318 163.154764
380416.352661 3872423.245198 129.842557
381481.464022 3871671.931289 116.013249
382701.622623 3870951.089096 111.417880
383524.182608 3869877.570991 141.343917
384311.324245 3868904.963287 178.459251
385202.458038 3868032.442863 189.956580
375060.123474 3879091.587395 641.342094
377422.581393 3877391.098008 504.067688
372346.094127 3877645.003041 629.824036
362866.158003 3887130.237450 997.001832
360263.740027 3888582.902070 1079.459825
356999.592874 3888389.290382 1199.974634
343799.260388 3887286.091640 1248.717500
341787.260641 3882947.947785 1226.535227
339731.078381 3880122.262613 1175.651497
352209.726307 3888637.398343 1310.710201
348183.553470 3886092.551092 1349.953971
369730.575267 3876502.741155 635.594875
363909.860003 3883389.473542 1004.987247
366924.623093 3880998.907846 871.201742
367171.553202 3877868.241672 812.298303
340160.800887 3877107.529882 1215.988673
338300.846857 3875901.981401 1166.553283
336311.812637 3876200.109543 1119.273131
386330.608739 3867324.725611 154.877534
390030.067383 3868194.608142 60.099968
387684.051192 3867462.500912 104.171577
388799.848418 3867531.394795 73.846689
390546.746628 3866839.962635 51.404557
391483.666959 3867385.590567 49.320089
392453.610823 3866474.324566 48.830941
386047.002474 3865960.311152 151.819104
385001.026680 3866681.429579 203.212612
377600.143526 3875040.791833 350.047657
378230.443149 3873255.529887 240.058282
379122.032486 3871993.952991 190.377298
380224.730959 3871092.112924 172.298144
381357.934642 3870302.854196 171.477386
382355.820690 3869686.258708 175.629764
382947.482028 3868639.907572 217.396794
383897.993564 3867550.367717 232.537238
374941.106394 3875738.528931 484.892459
371907.405516 3874645.924700 471.336608
370779.950143 3873100.146669 369.541371
369580.378084 3874104.128956 488.107843
359557.619729 3884890.985458 1175.032164
355342.883082 3885006.046730 1296.139194
360811.886375 3881163.915161 1173.743574
345911.833581 3882553.228248 1336.307384
342952.343324 3879163.932949 1287.697286
351238.667804 3882536.684303 1361.903379
367518.436274 3875145.044810 684.629362
363766.452574 3878906.988775 1028.442193
365229.613880 3876048.009319 889.281519
342612.780655 3874959.492483 1281.506694
339700.094449 3874397.147968 1217.538907
337663.919753 3873703.997759 1180.262255
387181.760542 3866310.662486 114.032921
386824.147528 3865340.634763 113.529456
389536.704050 3866722.715041 60.197895
388374.511875 3866451.766561 80.369392
390254.535685 3865959.466132 55.616509
391428.829580 3865937.603374 52.238692
392858.921971 3865315.337334 52.917517
384950.114422 3865337.805807 178.501356
385994.328880 3864766.845007 129.761860
383577.918846 3865883.263283 237.149062
384080.127357 3864637.025645 185.472024
376280.507378 3873324.683227 346.886647
377489.556124 3871641.172644 289.067954
378834.476197 3870405.081067 266.231127
380136.110976 3869755.948434 243.135130
381247.823041 3868660.095375 261.337986
382347.721018 3867160.559563 278.638936
369637.980253 3872376.925443 399.597470
373970.870957 3873032.388407 403.364782
372002.874512 3872399.929585 372.484637
370771.060409 3871974.129308 337.750788
370088.825472 3871192.063549 403.009679
367907.899658 3872854.763451 586.893470
356709.096188 3880578.618670 1303.093283
360116.411112 3878055.579757 1213.284811
347510.234069 3877295.871131 1352.998420
352802.794453 3877598.730658 1368.358196
365490.580697 3873493.427121 842.981401
362201.028705 3874827.477148 1104.871948
345589.984705 3871481.957886 1302.549852
339761.974095 3870313.562378 1244.638099
387830.246084 3865324.270965 88.740288
387067.392862 3864341.222217 98.720637
389214.471290 3865359.301326 68.268738
390545.926836 3864937.922426 62.001481
391858.484627 3864650.966792 63.484449
385000.290530 3864098.234008 144.178068
386077.023827 3863523.079867 113.883273
383944.954385 3863524.165417 162.343962
381841.043820 3865474.326946 288.202351
382927.364455 3864341.837583 217.663549
375451.019610 3871240.514525 386.731644
377018.885043 3869627.878205 386.722272
379015.558008 3868319.913334 355.051526
380574.089317 3866755.890153 338.742925
368699.756156 3871036.690954 556.211355
373242.312161 3870845.701692 434.607999
371345.681263 3870801.781273 418.659570
369989.667385 3869771.023745 574.550579
366520.278052 3870973.159998 811.828735
357093.646220 3874803.063636 1306.430663
351462.383914 3872783.082134 1347.702969
363566.380227 3871113.533683 1076.359045
360144.032235 3871375.009986 1248.383204
349558.312261 3867116.713559 1278.848773
342632.866088 3866428.824236 1250.069160
388319.176383 3864142.285584 81.108452
387359.416072 3862950.462085 94.928683
389640.188955 3863977.046299 72.463652
390879.039617 3863743.443086 71.026292
391876.845712 3863469.135170 74.036801
392916.199947 3863656.911132 76.123526
382814.581767 3862902.616956 197.694229
386085.519816 3862181.285239 123.959168
384955.182000 3862800.710078 139.818548
383892.188104 3862364.815902 169.332976
380313.643159 3865074.899716 341.390111
381305.500992 3863629.992123 272.040008
381802.344782 3862071.358323 253.483231
374704.006956 3868972.092710 503.367786
376618.736041 3867189.355002 495.983300
378678.744646 3865846.172161 420.838065
368053.915224 3869052.780500 808.271381
371979.360437 3868628.295175 609.399101
369770.532980 3867915.157129 792.205299
365403.177769 3868288.879343 1068.133580
356219.659369 3868408.260401 1311.025994
361639.281702 3867725.091666 1250.747634
353837.275927 3862431.676568 1239.342182
347607.917263 3861173.888611 1211.148284
388803.283615 3862901.714465 82.756142
387064.634892 3861747.342980 107.054411
388098.839051 3861816.690314 94.218527
386325.664860 3860953.489241 143.346708
390079.224191 3862777.897474 79.478295
391273.541301 3862647.933244 80.491965
392456.974055 3862646.575706 83.332728
393808.641539 3862868.012064 87.887963
383015.170398 3861483.854131 234.446392
384731.092072 3861112.942754 201.683522
381605.852459 3860463.567164 357.655883
379168.847129 3863668.525869 388.479014
380270.628236 3861877.045914 341.763716
373913.730905 3866301.908048 664.086675
376381.440519 3864069.339779 573.344776
367940.083307 3866332.687803 1023.508215
370889.587618 3865791.688564 872.039025
364699.198829 3864537.841003 1232.397348
359803.391317 3862630.479136 1294.577851
356903.742103 3858532.108636 1228.684486
352931.114114 3856734.633746 1185.789174
389322.834470 3861746.204133 89.166510
387453.711905 3860834.943304 115.542311
388589.156487 3860719.711413 104.904503
385788.423132 3859815.082897 218.349452
386830.603614 3860029.612370 156.270037
390556.441313 3861651.302724 89.788280
395254.840203 3863118.781057 93.366431
391792.716857 3861599.473742 93.436828
393073.860914 3861638.241998 97.298743
394410.699719 3861736.913183 99.853173
383244.940882 3859988.224590 341.541166
384541.599423 3859316.711854 333.414207
385529.797056 3858676.343506 312.430377
382241.034904 3859102.153706 465.012987
380988.770786 3858808.073920 525.967429
379678.051399 3859914.866918 474.500186
378063.159679 3861514.609251 498.849533
372909.364577 3863162.228097 848.684080
375317.472385 3860804.529646 740.191695
368824.229857 3862411.436609 1128.951568
364585.088211 3859841.868370 1311.682220
360740.457193 3856942.518170 1300.816502
357206.597054 3853923.921381 1231.711904
396619.353591 3863217.951685 96.672826
389810.046344 3860610.164800 103.825073
387813.361660 3859743.015027 140.014286
389036.127867 3859567.491814 129.105728
386771.854182 3858801.680889 223.854626
391060.265292 3860526.397246 110.292602
395739.135413 3861795.331000 101.584113
392335.186176 3860486.651401 118.078551
393638.877637 3860492.112771 121.421359
394948.739346 3860509.303348 120.804678
385926.641146 3857590.985294 361.047075
383334.853665 3858450.539535 481.872044
384620.455538 3857857.453722 446.887297
382030.766549 3857800.597358 600.415602
379577.235096 3858072.195269 626.292525
380799.671497 3857495.438007 660.152243
377562.580676 3858754.419920 667.408467
378522.777144 3856973.597789 744.504350
372129.618235 3859596.687985 1030.680051
374858.654949 3857731.546790 911.649015
368616.684372 3857620.801948 1270.754138
364826.732330 3854912.118004 1361.050772
361117.303711 3851817.929319 1327.489340
397918.162814 3862893.916314 103.505480
396979.866509 3861703.544585 104.903195
397967.802349 3861419.792352 111.905659
390295.431116 3859450.140098 136.379244
388198.678986 3858504.894392 181.054151
389510.068507 3858377.290499 173.846243
387315.483662 3857252.200828 281.545823
386262.726255 3856486.481981 402.635451
391571.741687 3859360.917077 153.903390
396221.216545 3860485.777449 121.660931
392873.612023 3859303.043383 165.603550
394191.108723 3859278.811123 164.989955
395491.337843 3859267.157058 160.546730
385059.492975 3856472.046740 508.326504
383330.302053 3856638.428910 625.936606
381490.000263 3856309.300991 741.736610
379911.589166 3856487.260996 759.369194
376920.679724 3856270.836157 863.794531
378641.843069 3855283.640193 874.576689
372251.481178 3855851.885989 1163.622024
374970.044222 3855112.358412 1041.284281
369082.942688 3853113.936260 1337.966633
364817.490847 3850139.123670 1382.740370
399292.877857 3863121.903611 114.167447
398977.405728 3861681.207389 119.899771
398550.116487 3860411.704569 139.537564
397413.478808 3860408.736828 128.206784
390784.312571 3858258.849245 200.355358
388745.153473 3857288.000985 229.476806
390000.687561 3857194.643088 248.200373
388161.276214 3856300.721850 294.438846
387142.051492 3855793.022324 374.781518
385869.931950 3855324.352662 499.318916
392081.612122 3858140.699700 232.914159
396754.705615 3859230.850259 166.647566
393423.106474 3858059.357162 246.324247
394770.936890 3858042.181864 240.044928
396061.287886 3858056.292420 235.569618
384346.878377 3854934.939193 647.622161
382429.630240 3854644.764385 793.103296
380438.011043 3854789.792707 869.101835
376968.182334 3853770.229508 1020.410017
379089.781048 3853410.720605 978.217535
373851.157968 3851938.202917 1211.506275
370134.054102 3848225.364133 1341.329478
385484.538572 3853937.343668 600.415733
406516.511858 3873768.660574 21.810475
406178.418114 3872501.695705 22.619501
405707.188973 3871334.089405 30.759406
405162.721077 3870072.587169 51.857401
401764.231698 3863750.323002 127.752341
400455.246019 3863309.972503 124.295496
400405.473757 3861771.197764 142.896084
399730.096507 3860469.011389 161.514529
399204.751858 3859290.724032 203.582139
398007.175065 3859200.974053 186.296390
391246.311565 3857029.680686 302.025457
389284.725157 3856098.539058 309.700167
390433.530754 3856115.756412 346.678186
388318.984758 3855072.033543 386.784984
386923.886866 3854322.613446 483.320249
392590.560616 3856832.644801 353.252441
397333.732097 3857966.424417 268.253294
394030.775366 3856759.069728 371.049010
395427.976099 3856832.697433 361.894655
396589.016778 3856998.707135 353.620537
383907.344659 3852593.198269 784.209519
381065.232249 3852603.665856 941.453410
378335.568882 3850606.881478 1098.000540
375216.065417 3846890.744250 1234.318278
386374.568287 3852511.987714 644.511400
409037.073399 3876926.179447 32.407208
408029.067234 3875919.748638 27.669468
407156.638780 3874894.629151 24.084362
407951.032969 3873681.679385 28.430320
407393.613549 3872584.741171 27.743874
406924.515350 3871474.129177 32.014612
406492.458257 3870376.032677 46.556172
406228.777722 3869359.102632 73.543156
405334.444721 3868588.586081 93.511235
403124.589887 3864322.252298 135.471182
403907.434232 3865536.467562 141.332459
402803.131732 3863169.124706 143.369187
401851.996397 3862357.512541 153.231409
400923.394600 3860331.047973 209.104763
401607.425609 3861128.150060 195.495034
400319.462773 3859328.435073 241.369179
401299.354656 3859290.207703 301.275394
399835.366516 3858436.772362 292.577223
398786.290941 3857897.666316 322.170455
391587.153320 3855635.769826 443.320428
390048.746160 3854620.350646 472.262793
388353.210207 3853297.355549 547.506324
393174.374225 3855371.632932 526.187776
397803.936102 3856414.350209 491.205890
394797.669668 3855416.250249 553.692992
396318.155865 3855723.977661 540.517817
385459.614009 3849943.133717 850.804441
382190.873684 3849577.898814 987.049944
379968.011871 3846059.875131 1117.338411
388118.742996 3850979.105963 760.795981
410564.175001 3877675.842305 39.993736
410201.226561 3876462.956735 37.841891
409431.426670 3875691.634237 34.257780
408647.376221 3874723.709644 31.005233
411570.211636 3878723.994673 45.808538
409321.836383 3873568.350610 43.299262
408670.301474 3872550.313094 42.840760
408120.971786 3871532.244801 47.424135
407654.469227 3870516.216839 59.129029
404722.298539 3866481.190330 155.026726
405740.594556 3867339.878789 152.626153
407277.092774 3869500.326563 87.022223
408206.686439 3869728.838836 103.124975
406877.213846 3868258.177070 141.813343
404270.569818 3864408.758721 155.178288
404023.976873 3863223.161252 177.649347
405080.881356 3865126.819134 178.809672
403250.846550 3862192.582981 189.581072
402677.701995 3861181.661752 231.504063
402178.620452 3859999.522479 299.134871
402151.436993 3858639.141982 438.428292
400923.854152 3858153.042963 403.026789
399942.468644 3857514.155151 418.926097
399376.592856 3856460.632056 563.218776
392029.345513 3853844.968738 654.888078
390334.254449 3852278.747354 721.571188
394010.707750 3853741.549119 763.413471
398757.407559 3855240.256390 742.998274
397466.300028 3854613.249601 779.403480
395823.998990 3854068.994561 793.090091
387756.148806 3848335.285025 952.770973
384409.723018 3845662.834082 1026.212630
390434.558266 3849509.257587 970.607782
412919.263401 3879481.439418 52.218695
411971.546337 3877427.670326 48.805909
411293.910256 3876490.369964 47.023800
410679.539936 3875530.952172 45.792090
409994.308052 3874586.548270 44.037945
412926.417281 3878156.273847 53.547368
410611.534402 3873515.357585 60.978389
410056.527127 3872352.797486 72.241006
409177.872134 3871582.346240 68.405615
408905.108612 3870485.957280 99.849312
406061.493631 3865945.144800 211.310265
407102.272501 3866776.174884 237.048255
408202.967864 3868763.799316 169.680778
408993.791339 3869378.020521 168.582912
408254.394382 3867479.812821 277.266742
405215.967232 3863835.263015 224.103994
404285.412266 3862080.047776 239.350993
405217.345820 3862554.424909 285.016360
406307.578790 3864554.349390 291.503321
403862.867305 3861144.240495 289.749793
403314.499601 3860268.196532 339.995507
403276.580823 3859158.552668 463.359775
403101.532237 3857993.716196 604.327103
402128.675078 3857240.053750 638.528833
400790.248835 3856622.847454 630.888042
400179.243340 3855074.858808 862.080133
393020.906910 3851422.494371 967.285537
395217.862119 3852325.558662 1002.913967
398960.983178 3853638.469653 1020.455795
397133.301187 3852593.899686 1064.004363
390357.874363 3845583.767225 1136.612959
393019.236730 3848457.573699 1190.628911
414319.068470 3880022.032790 60.472660
414111.452320 3878690.942673 61.588943
412464.797035 3876380.154359 59.221656
413009.807251 3877139.656288 59.390674
411882.216622 3875464.882816 59.758832
411274.164385 3874489.567409 60.323548
413976.251232 3877474.232711 67.759074
411204.619103 3872655.218220 86.151901
411817.757389 3873439.918906 81.323025
415704.440934 3880345.659587 69.227002
411273.128731 3871607.757178 134.675924
410136.456519 3870990.592994 126.072542
410045.562186 3869673.750386 219.857164
407415.403709 3865392.781192 359.868871
408264.590981 3866241.575561 383.734318
409608.664479 3868237.909606 333.084277
409470.699988 3866601.603530 499.755880
406395.455832 3863144.337192 380.843210
405072.049089 3861285.985235 368.775969
406311.254669 3861758.027094 470.247557
407676.315417 3863882.076975 509.638216
404576.758103 3859857.204294 486.438426
404336.662510 3858193.828937 686.377775
403614.316616 3856737.206899 843.355717
402190.709760 3855294.722819 964.032674
400999.498383 3853192.734980 1198.407550
396100.447312 3849801.469993 1259.884268
399230.128670 3851116.444670 1313.173857
395182.007782 3845972.407906 1344.723691
415374.975345 3879114.233335 71.331995
415152.757333 3877897.753875 78.361961
412921.275714 3875498.463084 71.954264
413710.054184 3876260.106802 74.896859
412659.652553 3874400.023363 80.859901
414947.038393 3876700.910796 86.956776
412264.155658 3872360.436037 125.954026
412892.429741 3873219.143629 108.922044
416563.412883 3881559.927353 71.002791
417114.513757 3880565.182759 77.219517
416621.066772 3879426.684212 81.400584
412616.500052 3871046.567496 244.862376
411360.559502 3870241.240663 254.987892
411268.828877 3868709.105674 444.959202
409080.244467 3864957.739090 625.220503
411024.459162 3867059.783730 656.715947
410591.867000 3865633.177003 784.858903
407644.304819 3862282.214462 632.759848
406178.664761 3860322.249929 601.848529
407359.724019 3860959.263113 703.229933
409214.933639 3862961.479904 841.538453
405996.034138 3858627.857495 798.285781
405454.778189 3856788.837081 999.691575
404473.521433 3854912.587646 1179.553930
403149.451700 3853283.631392 1310.031994
402286.405128 3850749.147094 1479.600254
399900.175476 3846724.451502 1490.127818
416341.083435 3878302.625019 89.248518
416165.759592 3877103.856910 99.762341
413889.656756 3874987.310169 91.755236
414761.574337 3875640.320886 96.379182
413940.101893 3873701.239308 119.383075
415915.847531 3875829.470064 112.640086
413780.524445 3872194.295324 194.763103
417648.666467 3881816.614509 77.198135
417351.881670 3878663.180735 97.963384
418309.952021 3880672.989314 87.691805
417839.502293 3879569.486934 93.465923
417782.304668 3882703.091525 76.408082
418489.846123 3884123.921672 75.045595
414197.729866 3870456.029962 420.678717
412822.920403 3869420.057045 483.711797
412750.849538 3867622.388368 786.734747
410927.977550 3863992.105894 1024.821057
412455.971068 3865555.057888 1070.689835
408908.206144 3860988.518067 962.625692
407756.221250 3859445.590582 931.040584
411052.629602 3861666.850444 1249.688579
407673.206745 3857160.044386 1180.402469
406634.912786 3855102.171208 1319.956379
405797.138534 3852269.794786 1520.467582
404641.395972 3847909.760872 1635.953030
417380.075963 3877610.294649 111.208017
417257.763883 3876282.380254 128.557464
415345.317852 3874424.006064 133.962865
415073.033793 3872982.991943 183.527411
417017.634317 3874825.661095 161.585269
415479.757936 3871594.170352 332.440819
415743.600618 3870036.009480 588.256809
418842.402836 3881745.620493 85.328554
419352.718123 3880659.116483 99.365773
418577.690841 3878406.996215 118.718626
419061.944559 3879682.140045 107.697228
419223.274248 3883017.463372 80.611559
419733.160073 3884154.478104 82.486522
420343.689139 3885127.648678 92.932417
418806.371944 3885259.080197 82.442559
414743.139719 3868445.575939 824.165332
414189.762190 3866545.376655 1137.254247
413172.258007 3863179.098627 1413.911462
414534.714379 3864854.351933 1405.577010
410421.580675 3858616.395314 1377.022106
413670.808565 3860264.598178 1649.914826
409775.852401 3854380.567483 1598.474393
409617.951202 3849553.639727 1731.556331
418586.263474 3876903.031889 143.059616
418481.005230 3875422.318656 179.066098
416819.460593 3873001.594741 266.157004
418286.403908 3873994.633536 246.458418
417264.189649 3870894.640960 548.348150
417033.164585 3868790.042552 916.909121
420154.710609 3881235.703547 104.063037
419988.893315 3882227.706978 93.187607
420394.642401 3879959.306080 126.640339
419927.018734 3877596.029118 161.021384
419897.168912 3878825.215324 136.663292
421128.565063 3880833.023477 126.433618
420503.010528 3883150.253005 96.620645
421032.820347 3884248.798772 105.841530
421525.627362 3885370.525778 125.473552
420620.413704 3886605.620518 109.295185
416464.141667 3866250.099784 1331.466136
418744.679705 3867463.892936 1257.188518
416391.551672 3862742.874584 1699.052356
414114.157682 3856410.919414 1813.289360
416872.569224 3858973.413904 1912.990759
414172.032009 3851554.799821 1869.692652
419894.029672 3876100.547258 202.436187
419843.953924 3874428.077084 293.736565
419270.002830 3872295.916346 481.809463
419239.162363 3869650.871678 889.633808
421082.346359 3876858.898655 224.547756
421221.072174 3881989.700708 120.430702
421642.942157 3879998.408462 158.074235
421524.569146 3878481.901565 200.876160
422229.449431 3880982.164025 166.110454
421818.869772 3883263.650246 133.353553
422272.555639 3884426.506344 150.848931
422626.852419 3885386.237636 171.074650
422257.456528 3886428.609127 165.855591
421374.769368 3867719.237761 1314.961833
419612.161605 3864910.101904 1624.769712
420414.347680 3860771.117331 1928.028292
419772.551393 3854679.733705 2001.259724
421443.609772 3875395.346856 324.444224
421688.654904 3873360.287623 529.227557
421748.261528 3870742.603526 879.509936
422622.505142 3876720.971775 336.942858
422724.019233 3882235.783074 180.250379
422937.482979 3879735.862113 238.928463
423692.534881 3878161.333497 364.251750
423722.656490 3881100.515917 265.097698
423159.732332 3883531.167489 197.793440
423471.434205 3884758.917230 211.943313
423607.189930 3885946.805152 216.635787
423631.854341 3887022.120137 215.830458
424621.181112 3869033.865952 1322.125706
424283.449304 3864515.965526 1748.885304
425553.478825 3858808.553328 1988.612710
423530.175512 3874903.903969 558.694535
424295.898769 3872396.959467 901.426158
424461.915482 3876525.022385 536.035301
424192.342322 3882547.871144 278.471226
424812.709117 3879691.342004 424.726972
425796.095958 3877813.606597 642.418447
425439.961116 3881410.529997 438.286358
424479.168601 3883954.593183 278.062357
424683.078319 3885308.457844 268.265359
424972.404736 3886776.811838 253.678377
427518.520036 3871316.822504 1324.543747
428506.155112 3867513.966234 1664.019629
429901.976934 3862860.250616 1875.770180
426668.453472 3875025.936993 942.338459
429691.653137 3873384.325583 1365.142417
427853.514645 3877551.858427 959.709551
425628.536694 3883055.035511 397.444238
427287.534754 3879926.951110 774.049901
426996.111469 3882142.065818 616.586826
425739.877739 3884526.432708 353.512753
425828.341071 3885887.475425 314.569703
426812.717637 3886549.665237 346.643045
431328.038200 3870548.090539 1577.801507
433383.596321 3866812.541908 1737.199135
432743.714387 3873714.744108 1453.470867
430199.833185 3876317.488260 1255.030159
429315.679891 3878676.067420 1119.356932
426923.782559 3883749.110028 518.319342
429645.422203 3880494.786433 1110.295115
428440.816455 3881636.642717 883.984257
428256.091255 3883074.576954 771.003476
426896.358033 3885204.229526 444.638156
436124.833056 3870549.158019 1511.553598
435585.084855 3874709.836952 1336.850920
433533.580490 3876781.683681 1303.798564
431592.257057 3879089.941408 1265.288593
431217.486121 3881094.625009 1243.141080
428025.752447 3884492.659469 663.185198
430018.812072 3882545.243519 1076.456660
429131.333721 3883882.148764 881.640119
427835.628048 3885987.301248 658.697765
438776.098761 3874959.304250 1206.127842
436747.170868 3877545.639792 1083.865626
434333.458694 3879314.156476 1162.276962
432900.359283 3880952.121016 1217.516036
431930.679248 3882391.446562 1207.542654
431284.002346 3883548.842581 1148.392762
429111.397237 3885058.870099 827.138106
430244.703740 3884239.619391 1022.335360
429127.781568 3886222.088396 803.206896
439912.868650 3877274.673832 915.362325
438632.947355 3879574.916274 804.123861
436456.334802 3880206.869520 924.352727
434771.184739 3881309.837359 1030.458069
433557.077269 3882513.357702 1101.268716
432606.386728 3883694.969806 1117.761212
431619.382910 3884873.209299 1063.090699
430303.288760 3885529.712036 959.813959
440980.747681 3879669.346678 710.725643
439763.937349 3881277.834294 658.140876
440333.815255 3882567.119595 603.013310
437936.593585 3881476.090945 734.316409
436316.712764 3882021.378223 827.093555
435063.193484 3882851.725085 908.814472
434070.678683 3883880.491427 965.363408
433176.525928 3884962.836847 988.950417
432439.182247 3886048.501484 976.850038
431281.594269 3886088.424124 1000.819859
430248.875743 3886804.088730 977.528140
441704.980156 3881627.810137 604.700665
441183.657769 3883361.145296 575.018965
440022.004764 3883816.755178 589.283291
438994.554712 3882752.322412 637.933386
437455.087110 3883023.781643 697.176111
436217.891551 3883260.405426 767.296234
435445.633615 3884125.236672 796.812719
434575.261703 3885135.175695 833.598044
433748.263100 3886145.028433 865.877945
433012.068587 3887034.971622 883.753140
431797.251967 3887186.818018 943.986655
442545.572973 3884072.110523 553.606708
441311.877728 3884722.167045 543.162869
439852.176221 3885145.390432 565.928555
438455.917531 3884352.756137 619.603215
436808.832792 3884280.118337 686.374634
435937.935145 3885343.809919 697.584455
435072.529559 3886353.971613 724.669605
434213.996046 3887335.005081 767.106209
432861.665433 3888459.718291 823.789203
442805.387024 3884984.198820 505.686831
441951.571266 3885754.070545 491.040991
440822.731017 3885921.954486 514.659894
439782.277541 3886182.671109 534.839573
438718.236072 3885876.391263 570.083602
437340.545690 3885575.075661 616.936906
436384.812745 3886593.603494 621.074040
435574.899983 3887571.511538 647.166563
435014.575774 3888445.203527 696.921728
443156.634288 3886385.735145 441.801396
441661.195239 3886756.516653 454.519872
440377.295750 3886971.158668 481.924160
439140.957010 3886998.627128 516.007157
437737.579810 3887004.136088 554.970646
436645.392824 3887713.416834 575.548057
436118.032772 3888988.120545 596.567540
443390.473228 3887291.583554 385.028047
442511.180583 3887634.395869 393.285474
441147.785377 3887872.100184 415.581121
439708.868948 3888095.348678 446.368060
438521.484667 3887862.324027 495.810916
437411.692792 3888409.896483 525.972591
443711.658309 3888706.987047 338.603399
441999.337310 3888793.758064 355.370759
440628.869025 3888981.745468 378.296031
439537.389789 3889178.023811 397.052626
438608.337060 3888803.814991 445.821256
442638.674008 3889669.284935 310.844381
443958.854952 3890109.672450 280.479904
444379.270382 3892992.544967 250.612090
441357.895621 3889898.403390 325.283542
440021.961115 3890053.122409 347.891828
438718.942760 3889956.254692 376.795561
442165.704416 3890837.892207 283.835468
442916.364996 3892172.385935 254.200818
443491.842116 3893669.261279 242.376438
440692.888957 3891054.922606 301.189260
439195.849955 3891249.676542 324.595393
441429.699451 3892123.096906 265.816230
442072.821859 3893302.244112 248.026006
439986.301334 3892167.698897 283.453319
440744.130713 3893203.787471 259.730921
